0.0466743 -0.00208289 0.00731545 -0.0137825
0.0966742 0.00285341 0.0167449 -0.0346021
0.146674 0.0142021 0.00879968 -0.0746023
0.196674 0.04073 0.0163298 -0.123998
0.246674 0.0485559 0.00612895 -0.163352
0.296674 0.0611731 0.00854125 -0.179321
0.346674 0.0645917 0.00597921 -0.213149
0.396674 0.101712 0.0163961 -0.235646
0.446674 0.11201 0.0211339 -0.26214
0.496674 0.1381 0.0279427 -0.297962
0.546674 0.163513 0.0222832 -0.304335
0.596674 0.165711 0.00718994 -0.322539
0.646674 0.208036 0.0176691 -0.348992
0.696674 0.225668 0.0123515 -0.388195
0.746674 0.239726 0.0148761 -0.42004
0.796674 0.251844 0.00485501 -0.42976
0.846674 0.250047 -0.00277534 -0.426012
0.896674 0.249226 -0.00308581 -0.404098
0.946674 0.245111 -0.00175783 -0.374034
0.996674 0.253276 0.00234213 -0.333551
1.04667 0.260256 0.00491989 -0.276948
1.09667 0.258724 0.0191565 -0.221157
1.14667 0.248601 0.0247308 -0.172106
1.19667 0.236377 0.0304948 -0.118857
1.24667 0.224777 0.0485318 -0.0624423
1.29667 0.221211 0.0651377 -0.0138303
1.34667 0.186863 0.058533 0.0317706
1.39667 0.164996 0.0533108 0.0899171
1.44667 0.150252 0.0539603 0.126312
1.49667 0.148335 0.0702907 0.174843
1.54667 0.126516 0.0754539 0.211161
1.59667 0.124347 0.0832787 0.243511
1.64667 0.139863 0.0951331 0.253633
1.69667 0.142904 0.0922931 0.229542
1.74667 0.158654 0.0847038 0.214173
1.79667 0.169593 0.0842829 0.174808
1.84667 0.171896 0.0814878 0.126925
1.89667 0.187162 0.0808952 0.089372
1.94667 0.183261 0.0741401 0.0470487
1.99667 0.182997 0.0740051 0.0155626
2.04667 0.178368 0.0648889 -0.0270139
2.09667 0.197657 0.0652397 -0.0559142
2.14667 0.213132 0.0758077 -0.106394
2.19667 0.238949 0.0908424 -0.153885
2.24667 0.273321 0.0909711 -0.185998
2.29667 0.313636 0.10542 -0.233631
2.34667 0.34424 0.110656 -0.268573
2.39667 0.362546 0.0964935 -0.301124
2.44667 0.36541 0.0823589 -0.319601
2.49667 0.384107 0.075711 -0.323853
2.54667 0.386761 0.0633574 -0.313213
2.59667 0.387023 0.0605826 -0.28519
2.64667 0.375663 0.0577127 -0.251934
2.69667 0.361331 0.061556 -0.200628
2.74667 0.350506 0.0667764 -0.168553
2.79667 0.33056 0.0782574 -0.131751
2.84667 0.317216 0.0771652 -0.0924422
2.89667 0.335554 0.0944528 -0.0575648
2.94667 0.33251 0.0994912 -0.0325869
2.99667 0.331571 0.115517 -0.00348577
3.04667 0.341061 0.126761 0.0422083
3.09667 0.344087 0.148673 0.0833603
3.14667 0.343099 0.17303 0.146327
3.19667 0.329415 0.177856 0.189339
3.24667 0.322446 0.176468 0.208516
3.29667 0.311334 0.172964 0.234627
3.34667 0.317325 0.187504 0.24343
3.39667 0.320657 0.195481 0.251299
3.44667 0.323249 0.19281 0.23976
3.49667 0.318584 0.177258 0.220169
3.54667 0.307265 0.167477 0.190317
3.59667 0.312935 0.161619 0.163618
3.64667 0.315043 0.159778 0.128838
3.69667 0.333926 0.164368 0.0921477
3.74667 0.327316 0.147439 0.0487251
3.79667 0.34797 0.147094 -0.0152972
3.84667 0.365188 0.156857 -0.0615891
3.89667 0.37932 0.136333 -0.122458
3.94667 0.407164 0.132349 -0.19064
3.99667 0.445029 0.124836 -0.247411
4.04667 0.482885 0.124741 -0.295485
4.09667 0.494927 0.120286 -0.332014
4.14667 0.531515 0.115606 -0.367498
4.19667 0.555453 0.108354 -0.393435
4.24667 0.558179 0.100941 -0.406814
4.29667 0.56232 0.0862891 -0.407939
4.34667 0.561931 0.0806495 -0.407603
4.39667 0.55503 0.0653537 -0.392418
4.44667 0.559144 0.060436 -0.372534
4.49667 0.544794 0.0641957 -0.347708
4.54667 0.536826 0.0586869 -0.32082
4.59667 0.532492 0.0576123 -0.288598
4.64667 0.534167 0.0662532 -0.266279
4.69667 0.544973 0.0810554 -0.237086
4.74667 0.543887 0.103602 -0.2033
4.79667 0.526745 0.10024 -0.120109
4.84667 0.530263 0.126853 -0.0720234
4.89667 0.528804 0.155009 -0.0185421
4.94667 0.525426 0.17214 0.0530336
4.99667 0.499211 0.170767 0.105718
5.04667 0.46484 0.146962 0.138041
5.09667 0.461782 0.149937 0.198175
5.14667 0.456164 0.146756 0.224508
5.19667 0.470427 0.161773 0.24455
5.24667 0.490362 0.178649 0.24829
5.29667 0.497749 0.17929 0.249274
5.34667 0.503868 0.182011 0.245245
5.39667 0.509991 0.191016 0.227223
5.44667 0.516093 0.19295 0.212191
5.49667 0.528166 0.207668 0.183894
5.54667 0.542139 0.225566 0.155606
5.59667 0.563565 0.245143 0.130623
5.64667 0.599105 0.272228 0.104046
5.69667 0.592527 0.260732 0.0455587
5.74667 0.594053 0.234378 0.0143602
5.79667 0.597783 0.224658 -0.0272584
5.84667 0.603724 0.210095 -0.067923
5.89667 0.599334 0.183767 -0.10707
5.94667 0.617532 0.166432 -0.150658
5.99667 0.629997 0.154161 -0.182275
6.04667 0.655973 0.135984 -0.210564
6.09667 0.692786 0.117519 -0.237017
6.14667 0.707975 0.107715 -0.250722
6.19667 0.737262 0.104798 -0.26514
6.24667 0.772005 0.102827 -0.2817
6.29667 0.81086 0.110349 -0.300899
6.34667 0.850213 0.105798 -0.320764
6.39667 0.847689 0.112355 -0.333905
6.44667 0.852421 0.113845 -0.347157
6.49667 0.85978 0.11291 -0.363635
6.54667 0.854153 0.114041 -0.379462
6.59667 0.85964 0.11111 -0.399265
6.64667 0.868067 0.111371 -0.417637
6.69667 0.872397 0.112479 -0.436031
6.74667 0.873024 0.11202 -0.452879
6.79667 0.87872 0.110243 -0.46222
6.84667 0.879499 0.111844 -0.468662
6.89667 0.884175 0.117707 -0.464795
6.94667 0.880843 0.122168 -0.459922
6.99667 0.884061 0.124125 -0.449728
7.04667 0.883385 0.126209 -0.439403
7.09667 0.88439 0.127295 -0.433912
7.14667 0.885273 0.125465 -0.428103
7.19667 0.900333 0.120077 -0.421547
7.24667 0.900333 0.120077 -0.421547
7.29667 0.895103 0.118368 -0.421047
7.34667 0.897849 0.114882 -0.423272
7.39667 0.882363 0.118155 -0.425784
7.44667 0.880255 0.119336 -0.426905
7.49667 0.872952 0.126582 -0.42531
7.54667 0.864421 0.135345 -0.422264
7.59667 0.858742 0.14625 -0.422076
7.64667 0.863117 0.159238 -0.420604
7.69667 0.856712 0.173061 -0.419107
7.74667 0.854681 0.18814 -0.414496
7.79667 0.851268 0.206011 -0.410444
7.84667 0.842521 0.227963 -0.40583
7.89667 0.842521 0.227963 -0.40583
7.94667 0.842521 0.227963 -0.40583
7.99667 0.842521 0.227963 -0.40583
8.04667 0.744257 0.263173 -0.413638
8.09667 0.649171 0.303073 -0.414998
8.14667 0.639432 0.327488 -0.414934
8.19667 0.639775 0.34832 -0.413689
8.24667 0.616382 0.3711 -0.418895
8.29667 0.588167 0.392411 -0.420704
8.34667 0.577223 0.405586 -0.421366
8.39667 0.540414 0.425659 -0.426095
8.44667 0.527628 0.435588 -0.4274
8.49667 0.511605 0.444501 -0.428918
8.54667 0.498742 0.448691 -0.432025
8.59667 0.497493 0.448751 -0.432567
8.64667 0.490518 0.455391 -0.431997
8.69667 0.494859 0.455167 -0.432286
8.74667 0.504775 0.451423 -0.434133
8.79667 0.527186 0.440399 -0.436957
8.84667 0.550316 0.426771 -0.438536
8.89667 0.572316 0.413893 -0.439817
8.94667 0.631256 0.387711 -0.443968
8.99667 0.626436 0.372812 -0.453378
9.04667 0.664291 0.344522 -0.459795
9.09667 0.664291 0.344522 -0.459795
9.14667 0.715906 0.321323 -0.454224
9.19667 0.758009 0.291972 -0.450712
9.24667 0.769148 0.265712 -0.451944
9.29667 0.854929 0.232158 -0.441219
9.34667 0.854929 0.232158 -0.441219
9.39667 0.854929 0.232158 -0.441219
9.44667 0.854929 0.232158 -0.441219
9.49667 0.864248 0.203249 -0.445583
9.54667 0.879452 0.170558 -0.450999
9.59667 0.892467 0.138311 -0.457356
9.64667 0.903456 0.10694 -0.464526
9.69667 0.915707 0.0777444 -0.468326
9.74667 0.918065 0.05262 -0.469625
9.79667 0.942246 0.0226188 -0.468012
9.84667 0.954226 -0.00841671 -0.463153
9.89667 0.964167 -0.0347094 -0.46313
9.94667 0.970989 -0.0620394 -0.465456
9.99667 0.975665 -0.093505 -0.469355
10.0467 0.995833 -0.130464 -0.473198
10.0967 0.995833 -0.130464 -0.473198
10.1467 1.02232 -0.165955 -0.477316
10.1967 1.01189 -0.188117 -0.485636
10.2467 1.01446 -0.212814 -0.486243
10.2967 1.01225 -0.229499 -0.483121
10.3467 1.10255 -0.273788 -0.464911
10.3967 1.07464 -0.279365 -0.468937
10.4467 1.05874 -0.281071 -0.467742
10.4967 1.04312 -0.276274 -0.469987
10.5467 1.03491 -0.268365 -0.472383
10.6467 1.03526 -0.243786 -0.47748
10.6467 1.08529 -0.220313 -0.472447
10.7467 1.09222 -0.197653 -0.468914
10.8467 1.07808 -0.145434 -0.466798
10.8967 1.05971 -0.11629 -0.464182
10.9967 1.05245 -0.058902 -0.465513
11.0467 1.05799 -0.0362007 -0.470016
11.0967 1.05464 -0.014569 -0.467121
11.1967 1.04271 0.00890874 -0.469389
11.2467 1.03996 0.0310836 -0.469005
11.2967 1.03389 0.06889 -0.464462
11.3967 1.02444 0.113806 -0.457285
11.4967 1.01032 0.158619 -0.456032
11.5967 1.00509 0.180536 -0.454817
11.6467 0.915641 0.226268 -0.417106
11.6967 0.915641 0.226268 -0.417106
11.7967 0.884674 0.251701 -0.419876
11.8467 0.884674 0.251701 -0.419876
11.9467 0.846741 0.288429 -0.391154
11.9967 0.846741 0.288429 -0.391154
12.0467 0.819379 0.302237 -0.378456
12.1467 0.856964 0.313412 -0.336103
12.2467 0.807864 0.337129 -0.344837
12.2967 0.77806 0.359666 -0.338437
12.3967 0.684183 0.389323 -0.338145
12.4967 0.684183 0.389323 -0.338145
12.5467 0.684183 0.389323 -0.338145
12.6467 0.684183 0.389323 -0.338145
12.7467 0.651624 0.360688 -0.323155
12.8467 0.595322 0.316384 -0.312219
12.8967 0.570975 0.288029 -0.306514
12.9467 0.551026 0.254298 -0.303127
13.0467 0.539708 0.175356 -0.339944
13.1467 0.544106 0.0590534 -0.368991
13.1967 0.554113 -0.00212446 -0.378201
13.2467 0.56314 -0.070281 -0.375698
13.3467 0.56314 -0.070281 -0.375698
13.4467 0.625517 -0.13909 -0.390828
13.4967 0.625517 -0.13909 -0.390828
13.5967 0.660264 -0.199429 -0.400199
13.6467 0.7338 -0.267996 -0.411829
13.6967 0.796742 -0.328694 -0.46241
13.7967 0.820821 -0.330454 -0.514521
13.8467 0.831352 -0.315501 -0.544204
13.8967 0.831352 -0.315501 -0.544204
13.9967 0.831352 -0.315501 -0.544204
14.0467 0.842048 -0.269548 -0.570734
14.1467 0.873707 -0.13366 -0.586482
14.1967 0.894121 -0.065034 -0.585762
14.2467 0.852346 0.0822496 -0.579055
14.3467 0.852986 0.170741 -0.570251
14.3967 0.830355 0.237315 -0.550296
14.4467 0.802139 0.336333 -0.516917
14.5467 0.757987 0.390537 -0.492891
14.5967 0.736102 0.425938 -0.471874
14.6467 0.704683 0.45435 -0.452002
14.6967 0.665566 0.475464 -0.431655
14.7967 0.58015 0.502813 -0.380529
14.8467 0.515767 0.511232 -0.333767
14.9467 0.495934 0.503506 -0.321526
14.9967 0.491629 0.487492 -0.316501
15.0967 0.464858 0.420739 -0.316152
15.1467 0.461123 0.375303 -0.319412
15.1967 0.461089 0.320439 -0.326741
15.2467 0.469248 0.257889 -0.332025
15.2967 0.501007 0.187212 -0.342636
15.3467 0.519518 0.114239 -0.35832
15.4467 0.519518 0.114239 -0.35832
15.5467 0.519518 0.114239 -0.35832
15.5967 0.576733 0.0541464 -0.372694
15.6467 0.572681 0.025041 -0.406818
15.7467 0.572681 0.025041 -0.406818
15.8467 0.602817 0.0303377 -0.442761
15.8967 0.617441 0.0466548 -0.44905
15.9467 0.627085 0.0781972 -0.468363
16.0467 0.546295 0.159038 -0.511813
16.1467 0.437019 0.247246 -0.581386
16.1967 0.437019 0.247246 -0.581386
16.2967 0.422968 0.291487 -0.606487
16.3467 0.32567 0.322386 -0.564754
16.3967 0.344937 0.343492 -0.571888
16.4467 0.352076 0.355962 -0.581296
16.4967 0.373959 0.358122 -0.589791
16.5967 0.417026 0.34308 -0.601933
16.6967 0.467087 0.307004 -0.617998
16.7467 0.496553 0.285533 -0.626054
16.8467 0.535021 0.247314 -0.64246
16.9467 0.571519 0.216318 -0.653318
17.0467 0.579581 0.196789 -0.652159
17.1467 0.562935 0.193351 -0.631642
17.2467 0.526993 0.210229 -0.624406
17.2967 0.51698 0.20571 -0.61509
17.3967 0.502975 0.189598 -0.590581
17.4967 0.498462 0.181042 -0.564951
17.5467 0.498462 0.181042 -0.564951
17.6467 0.45714 0.165312 -0.513522
17.7467 0.45714 0.165312 -0.513522
17.7967 0.45714 0.165312 -0.513522
17.8967 0.492342 0.12214 -0.500056
17.9967 0.5554 0.0615728 -0.474654
18.0467 0.596504 0.0385729 -0.485818
18.0967 0.628407 0.00964671 -0.490504
18.1967 0.682592 -0.0423571 -0.512682
18.2467 0.720261 -0.0656873 -0.533161
18.3467 0.770136 -0.0904567 -0.583538
18.4467 0.78723 -0.0917496 -0.611545
18.4967 0.817113 -0.0970689 -0.660649
18.6467 0.815457 -0.0733813 -0.733213
18.6967 0.804526 -0.0678429 -0.742431
18.7967 0.80537 -0.0658175 -0.75372
18.7967 0.792607 -0.0556802 -0.764052
18.8967 0.797892 -0.0508165 -0.664849
18.9967 0.764076 -0.0519845 -0.667601
19.0467 0.764076 -0.0519845 -0.667601
19.1467 0.724822 -0.0264555 -0.613695
19.2467 0.734931 -0.0146519 -0.604348
19.2967 0.773772 -0.00230406 -0.617888
19.3967 0.773772 -0.00230406 -0.617888
19.4967 0.754989 0.00885521 -0.586461
19.5467 0.708865 0.0348538 -0.494027
19.6467 0.687318 0.0654263 -0.439122
19.7467 0.674313 0.0979926 -0.439396
19.7967 0.670352 0.10272 -0.447424
19.8967 0.660519 0.122886 -0.464724
19.9967 0.66162 0.130479 -0.434951
20.0467 0.643785 0.134725 -0.404486
20.1467 0.617991 0.139911 -0.371501
20.1967 0.62298 0.141807 -0.364426
20.2967 0.64336 0.16444 -0.366258
20.3467 0.645353 0.156487 -0.360421
20.3967 0.658598 0.168259 -0.364758
20.4967 0.677204 0.174142 -0.367647
20.5967 0.691784 0.166803 -0.371889
20.6467 0.70572 0.169302 -0.373843
20.7467 0.706646 0.167304 -0.380781
20.8467 0.73839 0.151565 -0.379943
20.8967 0.743983 0.155811 -0.38358
20.9967 0.77521 0.137155 -0.372616
21.0467 0.774513 0.130163 -0.372243
21.1467 0.791025 0.129333 -0.376681
21.2467 0.81401 0.123319 -0.379883
21.2967 0.846527 0.107392 -0.379793
21.3467 0.852661 0.100223 -0.379182
21.3967 0.843565 0.100188 -0.377427
21.4967 0.843444 0.0969254 -0.371442
21.5467 0.837364 0.0962067 -0.359233
21.5967 0.859409 0.085544 -0.358465
21.6967 0.870071 0.091439 -0.362674
21.7467 0.880697 0.0853294 -0.3738
21.7967 0.883969 0.0815616 -0.371896
21.8967 0.874765 0.0872156 -0.362452
21.9467 0.882815 0.0865254 -0.363236
21.9967 0.875807 0.0939636 -0.364391
22.0967 0.881972 0.0924858 -0.370922
22.1467 0.900411 0.0877081 -0.372149
22.2467 0.903061 0.0851304 -0.382471
22.2967 0.885679 0.0856855 -0.39274
22.3967 0.867408 0.0927713 -0.402213
22.4467 0.858465 0.0913337 -0.399735
22.5467 0.86431 0.0918764 -0.406127
22.5967 0.86298 0.0931598 -0.405208
22.6467 0.861744 0.101276 -0.407216
22.7467 0.867084 0.117243 -0.413011
22.8467 0.864145 0.121801 -0.421723
22.9467 0.855236 0.135274 -0.418289
23.0467 0.842463 0.140343 -0.413749
23.0967 0.847658 0.139076 -0.412819
23.1467 0.846583 0.143463 -0.407016
23.1967 0.850899 0.148299 -0.410097
23.2467 0.879146 0.143905 -0.421299
23.3467 0.881917 0.145929 -0.433945
23.3967 0.87714 0.147017 -0.438262
23.4467 0.878512 0.155276 -0.444621
23.5467 0.889759 0.16378 -0.457275
23.5967 0.889254 0.173783 -0.459978
23.6967 0.899648 0.167833 -0.467971
23.7967 0.895572 0.170094 -0.473882
23.8967 0.885827 0.172988 -0.47636
23.9467 0.871168 0.180034 -0.480153
23.9967 0.871808 0.193413 -0.479726
24.0967 0.883634 0.188555 -0.490376
24.1467 0.876368 0.198636 -0.494732
24.1967 0.861442 0.205523 -0.494495
24.2967 0.863666 0.206486 -0.494709
24.3467 0.863983 0.211791 -0.497837
24.4467 0.871531 0.206613 -0.49724
24.4967 0.895362 0.199381 -0.508038
24.5467 0.887463 0.199454 -0.512095
24.6467 0.890274 0.205198 -0.516258
24.6967 0.875486 0.210292 -0.513693
24.7967 0.870913 0.228644 -0.509204
24.8967 0.875628 0.237462 -0.515565
24.9467 0.873304 0.244552 -0.506787
25.0467 0.863917 0.257527 -0.509537
25.1467 0.867557 0.257877 -0.512243
25.1967 0.865818 0.26195 -0.524783
25.2967 0.862707 0.262563 -0.529076
25.3467 0.872033 0.262527 -0.533152
25.3967 0.870807 0.26828 -0.539834
25.4967 0.881677 0.276977 -0.539701
25.5467 0.874781 0.278608 -0.5446
25.5967 0.903703 0.267149 -0.552776
25.6967 0.878514 0.274441 -0.556925
25.7467 0.884344 0.273009 -0.552671
25.8467 0.879791 0.27267 -0.549062
25.8967 0.871925 0.280769 -0.552467
25.9467 0.872671 0.274991 -0.547835
26.0467 0.87999 0.272136 -0.556351
26.1467 0.868536 0.273125 -0.563941
26.1967 0.869859 0.269885 -0.570477
26.2967 0.857525 0.271558 -0.572049
26.3467 0.855834 0.27411 -0.577825
26.3967 0.849133 0.267657 -0.574551
26.4967 0.849986 0.265504 -0.586453
26.5467 0.851671 0.266668 -0.592943
26.5967 0.849995 0.263167 -0.596029
26.6467 0.850702 0.259685 -0.609607
26.7467 0.851822 0.259378 -0.623145
26.7967 0.872183 0.264332 -0.634284
26.8967 0.880527 0.269081 -0.640398
26.9467 0.881091 0.27009 -0.652051
27.0467 0.895962 0.271553 -0.672149
27.0967 0.891428 0.276559 -0.684573
27.1467 0.895579 0.277287 -0.6909
27.2467 0.899429 0.276949 -0.697924
27.2967 0.912494 0.27977 -0.711973
27.3467 0.927851 0.276182 -0.726107
27.4467 0.935055 0.27973 -0.738167
27.4967 0.940465 0.271822 -0.747596
27.5467 0.949623 0.272912 -0.760138
27.5967 0.959803 0.269328 -0.771944
27.6467 0.961682 0.264399 -0.787244
27.6967 0.964201 0.262818 -0.801717
27.7967 0.961672 0.266544 -0.812944
27.8967 0.974433 0.264498 -0.825164
27.9467 0.984814 0.265107 -0.833396
28.0467 0.988777 0.258208 -0.836801
28.1467 0.994924 0.254549 -0.848952
28.1967 1.00454 0.262755 -0.862065
28.2467 1.01555 0.263055 -0.87381
28.3467 1.02281 0.254736 -0.878606
28.4467 1.0267 0.252896 -0.885699
28.4967 1.03463 0.251748 -0.897447
28.5467 1.03836 0.248424 -0.907643
28.5967 1.04078 0.24419 -0.910414
28.6467 1.05334 0.2427 -0.918623
28.7467 1.06447 0.239875 -0.931082
28.7967 1.07118 0.236228 -0.93704
28.8467 1.07322 0.238468 -0.944155
28.8967 1.08503 0.241691 -0.956053
28.9467 1.08372 0.242201 -0.964103
28.9967 1.09356 0.237019 -0.968318
29.0967 1.10197 0.236061 -0.980992
29.1467 1.10309 0.23355 -0.985731
29.2467 1.09936 0.22614 -0.983954
29.3467 1.10965 0.22607 -0.99634
29.3967 1.1234 0.229575 -1.00159
29.4967 1.12675 0.22781 -1.0077
29.5467 1.12827 0.228742 -1.01755
29.6467 1.13321 0.234349 -1.02364
29.6967 1.14145 0.237042 -1.028
29.7967 1.15349 0.242504 -1.03549
29.8467 1.15757 0.242325 -1.04268
29.9467 1.16647 0.236359 -1.03999
29.9967 1.17892 0.231798 -1.05316
30.0967 1.17124 0.240373 -1.0585
30.1467 1.16411 0.249088 -1.06086
30.2467 1.17094 0.258742 -1.07514
30.2967 1.16556 0.260023 -1.08354
30.3967 1.15414 0.258613 -1.08655
30.4467 1.15193 0.259247 -1.09559
30.5467 1.16256 0.260303 -1.10001
30.5967 1.17898 0.268041 -1.1093
30.6967 1.17838 0.265416 -1.11006
30.7467 1.1931 0.266007 -1.11496
30.8967 1.19914 0.265278 -1.11704
30.9467 1.1995 0.264615 -1.12213
31.0467 1.18121 0.261235 -1.10764
31.0967 1.18822 0.263869 -1.10971
31.1967 1.17683 0.267895 -1.11403
31.2967 1.17267 0.265979 -1.11361
31.3467 1.18976 0.271152 -1.11743
31.4467 1.18535 0.273163 -1.1156
31.5467 1.18044 0.270267 -1.11305
31.6467 1.17175 0.275767 -1.11356
31.6967 1.17208 0.275918 -1.11421
31.7967 1.15772 0.272561 -1.10374
31.8967 1.14659 0.279981 -1.10285
31.9467 1.15194 0.282476 -1.11018
32.0467 1.14206 0.28278 -1.11109
32.1467 1.1391 0.284389 -1.11217
32.1967 1.13564 0.285366 -1.10866
32.2967 1.1403 0.287974 -1.10122
32.3467 1.13789 0.290179 -1.0967
32.3967 1.13248 0.2867 -1.10225
32.4467 1.12521 0.286185 -1.10144
32.4967 1.12017 0.289172 -1.09564
32.5467 1.1151 0.296901 -1.10015
32.6467 1.11318 0.297518 -1.0972
32.6967 1.10327 0.302816 -1.09292
32.7967 1.09025 0.299917 -1.08694
32.8467 1.10188 0.303317 -1.09172
32.9467 1.09802 0.305907 -1.08766
32.9967 1.1027 0.298982 -1.0766
33.0967 1.09196 0.298689 -1.07329
33.1467 1.10188 0.296759 -1.07911
33.2467 1.10624 0.294783 -1.0763
33.2967 1.11843 0.280184 -1.08785
33.4467 1.12712 0.283898 -1.09481
33.4967 1.15261 0.279565 -1.09753
33.5967 1.14355 0.281386 -1.10204
33.6467 1.15501 0.280429 -1.11011
33.6967 1.15608 0.279766 -1.10957
33.7467 1.16314 0.277139 -1.12016
33.7967 1.16409 0.276271 -1.11625
33.8967 1.14346 0.280697 -1.11677
33.9467 1.14907 0.285766 -1.12097
34.0467 1.16088 0.288198 -1.12565
34.0967 1.18079 0.288144 -1.13132
34.1967 1.17104 0.287779 -1.12499
34.2467 1.16549 0.290611 -1.12761
34.2967 1.18176 0.285017 -1.13044
34.3967 1.18945 0.287635 -1.13116
34.4967 1.18902 0.278851 -1.13412
34.5467 1.19215 0.274346 -1.13898
34.6467 1.20379 0.278741 -1.13601
34.7467 1.19342 0.274917 -1.12427
34.7967 1.19881 0.272411 -1.12233
34.8967 1.20301 0.273279 -1.11577
34.9967 1.20802 0.27721 -1.12251
35.0467 1.20882 0.276518 -1.12086
35.1467 1.21433 0.279252 -1.11643
35.2467 1.21238 0.279956 -1.13019
35.2967 1.20136 0.27551 -1.12651
35.3967 1.21411 0.277406 -1.14135
35.4967 1.21781 0.276364 -1.15031
35.5967 1.22589 0.277278 -1.15808
35.6467 1.237 0.285664 -1.17209
35.6967 1.24987 0.29186 -1.17379
35.7967 1.26448 0.298155 -1.19246
35.8967 1.27274 0.297351 -1.1887
35.9467 1.26629 0.300748 -1.195
35.9967 1.27484 0.303155 -1.20268
36.0467 1.28884 0.3055 -1.22397
36.0967 1.29463 0.305284 -1.2359
36.1967 1.30375 0.299856 -1.23483
36.2467 1.30719 0.301689 -1.23937
36.3467 1.3158 0.30009 -1.2399
36.4467 1.29508 0.306743 -1.22857
36.5467 1.29388 0.30742 -1.22751
36.5967 1.29777 0.302385 -1.2315
36.6967 1.29669 0.301125 -1.23737
36.7467 1.31798 0.304752 -1.25564
36.7967 1.32761 0.305571 -1.25636
36.8967 1.33904 0.298074 -1.25269
36.9967 1.33502 0.29935 -1.25633
37.0467 1.34842 0.292571 -1.25933
37.1467 1.36558 0.292723 -1.2685
37.1967 1.3775 0.28992 -1.28344
37.2967 1.37625 0.283872 -1.29659
37.3967 1.38762 0.277788 -1.29905
37.4467 1.39375 0.271185 -1.30788
37.5467 1.40008 0.267817 -1.31163
37.6467 1.40679 0.270021 -1.32039
37.7467 1.40697 0.264145 -1.32173
37.7967 1.40519 0.270837 -1.33172
37.8967 1.39983 0.271007 -1.33566
37.9467 1.40908 0.266021 -1.32997
38.0467 1.40108 0.261634 -1.33319
38.1467 1.39617 0.265328 -1.33794
38.1967 1.40348 0.268782 -1.34532
38.2967 1.41003 0.271362 -1.34072
38.3967 1.42587 0.276797 -1.34864
38.4967 1.4424 0.270387 -1.36156
38.5467 1.45514 0.268835 -1.36901
38.5967 1.45629 0.272977 -1.36795
38.6967 1.45307 0.280425 -1.37369
38.7967 1.45354 0.278622 -1.38196
38.8467 1.44806 0.276279 -1.38823
38.9467 1.44809 0.282219 -1.39922
39.0467 1.45632 0.286035 -1.40483
39.0967 1.46047 0.287511 -1.40791
39.1967 1.46364 0.292297 -1.40542
39.2467 1.46121 0.293827 -1.40623
39.3467 1.45521 0.29987 -1.40969
39.3967 1.45791 0.295038 -1.41283
39.4967 1.46909 0.300794 -1.41977
39.5967 1.47798 0.305516 -1.4271
39.6467 1.4817 0.304355 -1.42886
39.7467 1.48093 0.304262 -1.43047
39.7967 1.47998 0.30998 -1.43531
39.8967 1.47218 0.315796 -1.43745
39.9467 1.4689 0.318217 -1.44756
39.9967 1.4618 0.313232 -1.44337
40.0967 1.45516 0.315809 -1.43546
40.1467 1.46902 0.317733 -1.45263
40.1967 1.47729 0.321421 -1.46692
40.2967 1.47138 0.325049 -1.46602
40.3467 1.47285 0.323668 -1.47372
40.4467 1.47917 0.327835 -1.46926
40.5467 1.47863 0.330686 -1.46772
40.5967 1.48391 0.331741 -1.46161
40.6967 1.48588 0.334225 -1.45875
40.7467 1.48034 0.332906 -1.45325
40.8467 1.48853 0.32572 -1.45227
40.9467 1.47699 0.329847 -1.44792
40.9467 1.47741 0.334967 -1.44986
41.0467 1.4845 0.334589 -1.44769
41.1467 1.50232 0.338921 -1.45365
41.1967 1.49774 0.344175 -1.44928
41.3467 1.49608 0.341767 -1.45687
41.3967 1.5076 0.339187 -1.46036
41.4467 1.51154 0.342223 -1.45382
41.5467 1.50914 0.350196 -1.45276
41.5967 1.51356 0.352032 -1.45435
41.6467 1.50052 0.355716 -1.44801
41.7467 1.50259 0.361702 -1.44064
41.8467 1.49845 0.358481 -1.4306
41.8967 1.50576 0.36599 -1.43112
41.9967 1.52599 0.355372 -1.43352
42.0467 1.53759 0.347232 -1.44297
42.0967 1.54295 0.347627 -1.45009
42.1967 1.54404 0.341916 -1.45276
42.2467 1.55795 0.340774 -1.4542
42.3467 1.55803 0.345256 -1.4608
42.3967 1.57544 0.348907 -1.46445
42.4967 1.57744 0.354577 -1.46464
42.5467 1.58953 0.360021 -1.47095
42.6467 1.59552 0.368998 -1.47104
42.7467 1.60116 0.360619 -1.47193
42.7967 1.60064 0.364261 -1.47504
42.8967 1.59767 0.368971 -1.46743
42.9467 1.62 0.363837 -1.47759
42.9967 1.61512 0.369346 -1.47747
43.0967 1.62966 0.376172 -1.49122
43.1967 1.62947 0.374722 -1.49696
43.2467 1.64621 0.368588 -1.50536
43.3467 1.64988 0.373122 -1.51005
43.4467 1.64075 0.373996 -1.50461
43.4967 1.65132 0.368877 -1.51395
43.5467 1.64404 0.375952 -1.51073
43.6467 1.63473 0.378755 -1.50993
43.6967 1.64413 0.381975 -1.51506
43.7467 1.65082 0.383825 -1.51587
43.8467 1.65649 0.386505 -1.52144
43.8967 1.66181 0.387446 -1.52908
43.9467 1.66273 0.393102 -1.53949
44.0467 1.6829 0.399417 -1.55248
44.0967 1.67892 0.408187 -1.55566
44.1467 1.67654 0.4079 -1.55366
44.2467 1.67091 0.401463 -1.5582
44.2967 1.66493 0.404964 -1.55808
44.3467 1.67809 0.407333 -1.56227
44.3967 1.68523 0.401515 -1.57284
44.4967 1.67604 0.393754 -1.57083
44.5467 1.65774 0.401282 -1.57415
44.5967 1.66007 0.403791 -1.60189
44.6467 1.6556 0.407384 -1.61965
44.7467 1.65259 0.437471 -1.66718
44.7967 1.65176 0.451741 -1.68311
44.8967 1.64663 0.46245 -1.68242
44.9467 1.64169 0.459696 -1.68752
45.0467 1.6449 0.456212 -1.71296
45.0967 1.64222 0.457742 -1.74174
45.1967 1.64327 0.440375 -1.82693
45.2467 1.64662 0.436777 -1.85248
45.3467 1.66114 0.432766 -1.89992
45.3967 1.66588 0.436586 -1.90082
45.4967 1.67575 0.455015 -1.84933
45.5467 1.69418 0.470895 -1.83099
45.5967 1.70471 0.473064 -1.81706
45.6967 1.69516 0.465254 -1.83743
45.7467 1.6924 0.465369 -1.84446
45.8467 1.6879 0.454882 -1.85234
45.8967 1.68025 0.449317 -1.8451
45.9967 1.669 0.447705 -1.78372
46.0467 1.66547 0.444674 -1.74606
46.0967 1.66291 0.446574 -1.68595
46.1967 1.64738 0.451543 -1.59905
46.2467 1.64324 0.457249 -1.57335
46.2967 1.63765 0.465668 -1.54612
46.3967 1.61992 0.46886 -1.47691
46.4967 1.61652 0.477753 -1.44314
46.5967 1.61858 0.488577 -1.43153
46.6467 1.62029 0.492316 -1.40657
46.6967 1.61531 0.486866 -1.40722
46.7967 1.59764 0.475376 -1.36988
46.8967 1.58424 0.464326 -1.34395
46.9467 1.60024 0.461543 -1.33545
46.9967 1.60251 0.454255 -1.3487
47.0967 1.60916 0.457487 -1.40084
47.1467 1.60615 0.451889 -1.45749
47.2467 1.60343 0.452124 -1.47875
47.2967 1.61097 0.448641 -1.51015
47.3467 1.61424 0.45011 -1.5315
47.3967 1.62233 0.456721 -1.52404
47.4967 1.63153 0.463295 -1.483
47.5467 1.62021 0.458471 -1.44929
47.6467 1.64404 0.462523 -1.43028
47.6967 1.64974 0.465315 -1.41412
47.7967 1.65115 0.504883 -1.3986
47.8467 1.65032 0.530964 -1.3914
47.9467 1.63292 0.585403 -1.42358
48.0467 1.62836 0.658961 -1.4852
48.0967 1.62552 0.706905 -1.50849
48.2467 1.6224 0.803659 -1.54422
48.3967 1.623 0.822594 -1.53697
48.4467 1.64141 0.874205 -1.42249
48.4967 1.62804 0.866819 -1.38758
48.6467 1.62877 0.874343 -1.3876
48.6967 1.5819 0.880612 -1.30869
48.7467 1.58012 0.886322 -1.2904
48.7967 1.57843 0.906687 -1.27809
48.8967 1.56995 0.911876 -1.27168
48.9467 1.5644 0.932247 -1.26384
48.9967 1.56235 0.952677 -1.27432
49.0967 1.56673 1.02163 -1.3135
49.1967 1.56941 1.08274 -1.34713
49.2467 1.56152 1.11083 -1.35088
49.3467 1.56101 1.17008 -1.33859
49.4467 1.56441 1.24781 -1.30032
49.4967 1.56362 1.28915 -1.28459
49.5467 1.56156 1.33418 -1.26827
49.6467 1.54255 1.40656 -1.20958
49.7467 1.50377 1.49464 -1.13074
49.7967 1.50322 1.54654 -1.09809
49.8967 1.45306 1.65945 -1.14021
49.9967 1.35211 1.76123 -1.16596
50.0967 1.35211 1.76123 -1.16596
50.1967 1.35211 1.76123 -1.16596
50.2467 1.27138 1.7887 -1.13896
50.3467 1.27138 1.7887 -1.13896
50.3967 1.20615 1.80614 -1.07884
50.4967 1.20615 1.80614 -1.07884
50.5467 1.15319 1.81291 -1.04556
50.6467 1.06186 1.83099 -1.01431
50.7467 1.0185 1.82713 -1.01362
50.7967 0.94329 1.82584 -0.998309
50.8967 0.880184 1.82887 -0.97946
50.9967 0.886072 1.87933 -0.954892
51.0467 0.904045 1.90638 -0.948564
51.1467 0.906308 1.9446 -0.912674
51.2467 0.886488 1.97261 -0.881276
51.2967 0.868648 1.98461 -0.871188
51.3967 0.825872 2.01649 -0.846031
51.4967 0.775161 2.0381 -0.8253
51.5967 0.740227 2.07057 -0.817822
51.6967 0.722223 2.10941 -0.811157
51.7467 0.693277 2.11286 -0.808356
51.8467 0.671018 2.13896 -0.814824
51.8967 0.642301 2.14622 -0.826518
51.9967 0.560123 2.14594 -0.827846
52.0467 0.533548 2.14851 -0.822477
52.1467 0.488864 2.16082 -0.818871
52.2467 0.494314 2.19124 -0.788822
52.3467 0.452936 2.21962 -0.774366
52.4467 0.395746 2.23016 -0.763715
52.5467 0.326971 2.23985 -0.744417
52.5967 0.332544 2.25858 -0.730151
52.6467 0.323302 2.28848 -0.711851
52.7467 0.348888 2.3178 -0.701119
52.7967 0.372965 2.35185 -0.697778
52.9467 0.41845 2.37493 -0.729651
52.9967 0.42436 2.35885 -0.759947
53.0967 0.549101 2.38463 -0.836134
53.1967 0.620743 2.35798 -0.914608
53.2967 0.647977 2.32994 -0.977145
53.3467 0.64399 2.32444 -0.991011
53.4467 0.63861 2.3125 -1.03131
53.4967 0.615166 2.30837 -1.03786
53.6467 0.557305 2.33113 -1.01957
53.6967 0.487362 2.34437 -1.0045
53.7967 0.446102 2.35081 -0.992334
53.8967 0.372514 2.36967 -0.98373
53.9967 0.297289 2.39232 -0.953666
54.0467 0.249906 2.40049 -0.936557
54.1467 0.171655 2.42069 -0.869502
54.1967 0.124464 2.43049 -0.826612
54.2967 0.0626451 2.47158 -0.771851
54.3967 -0.0154476 2.47171 -0.750019
54.4967 -0.106266 2.48318 -0.737977
54.5467 -0.163898 2.47719 -0.729162
54.6467 -0.241813 2.49696 -0.705732
54.6967 -0.282 2.50556 -0.69209
54.7967 -0.345259 2.53543 -0.670879
54.8967 -0.425915 2.5463 -0.668285
54.9467 -0.46611 2.54604 -0.678202
54.9967 -0.514518 2.54042 -0.6679
55.0967 -0.533606 2.58543 -0.658865
55.1967 -0.581943 2.58595 -0.638831
55.2467 -0.639388 2.59499 -0.626187
55.3467 -0.685996 2.62157 -0.609193
55.4467 -0.738471 2.64502 -0.594491
55.4967 -0.774427 2.64963 -0.578155
55.5967 -0.82541 2.67618 -0.535022
55.6467 -0.846654 2.69416 -0.522732
55.7967 -0.846654 2.69416 -0.522732
55.8467 -0.900016 2.69729 -0.49447
55.8967 -0.924509 2.72159 -0.462718
55.9967 -0.954386 2.76879 -0.410712
56.0467 -0.986261 2.80767 -0.352163
56.1467 -1.01256 2.82825 -0.300008
56.1967 -1.01256 2.82825 -0.300008
56.2967 -1.01256 2.82825 -0.300008
56.4467 -1.01256 2.82825 -0.300008
56.4967 -1.01256 2.82825 -0.300008
56.5467 -1.04963 2.86001 -0.256788
56.5967 -1.10465 2.89172 -0.223932
56.6967 -1.13917 2.91825 -0.181292
56.7967 -1.13111 2.91529 -0.16811
56.8467 -1.13111 2.91529 -0.16811
56.8967 -1.16191 2.91712 -0.180689
56.9467 -1.2414 2.95369 -0.221348
57.0467 -1.33531 2.9812 -0.251522
57.0967 -1.37556 2.99516 -0.266933
57.1467 -1.40479 2.99847 -0.24844
57.2467 -1.42708 2.99789 -0.162261
57.2967 -1.43093 3.00626 -0.130554
57.3967 -1.4373 3.02143 -0.0978217
57.4467 -1.46548 3.00968 -0.0898551
57.5467 -1.50611 3.01234 -0.0987654
57.5967 -1.53039 3.01189 -0.100983
57.6967 -1.5688 3.02197 -0.0865735
57.7467 -1.59401 3.02319 -0.0791226
57.7967 -1.6166 3.02287 -0.0678048
57.8967 -1.65628 3.03086 -0.0272961
57.9467 -1.69904 3.03055 -0.0155792
57.9967 -1.72441 3.04767 -0.0107626
58.0967 -1.74847 3.05036 0.00413505
58.1467 -1.80181 3.05334 0.0371072
58.2467 -1.84102 3.06498 0.0679031
58.2967 -1.87059 3.07685 0.0853291
58.3467 -1.91785 3.08349 0.0999634
58.4467 -1.93547 3.07832 0.113155
58.5467 -1.98925 3.07726 0.132914
58.6467 -2.04373 3.04919 0.196877
58.6967 -2.05644 3.05317 0.250841
58.7967 -2.06478 3.06281 0.326492
58.8967 -2.12745 3.0781 0.296416
58.9467 -2.17325 3.08123 0.279882
59.0467 -2.23713 3.13394 0.248927
59.1467 -2.30389 3.15424 0.279047
59.2467 -2.34152 3.19002 0.357948
59.2967 -2.36196 3.20471 0.424636
59.3967 -2.41336 3.23332 0.534493
59.4467 -2.4356 3.25883 0.571802
59.4967 -2.4915 3.25486 0.607001
59.5967 -2.60346 3.28354 0.561252
59.6467 -2.70004 3.30347 0.551548
59.6967 -2.74611 3.32674 0.520898
59.7967 -2.86 3.36167 0.430783
59.8967 -2.96144 3.41411 0.38811
59.9967 -3.03865 3.43429 0.409347
60.0967 -3.07622 3.45743 0.408568
60.1467 -3.07622 3.45743 0.408568
60.2467 -3.11734 3.47096 0.418989
60.3467 -3.15754 3.49994 0.408723
60.4467 -3.18157 3.53137 0.415035
60.5467 -3.20218 3.53429 0.412362
60.5967 -3.27768 3.55107 0.440578
60.6467 -3.30778 3.55576 0.454072
60.7467 -3.29658 3.61792 0.448521
60.7967 -3.31659 3.63418 0.455035
60.8967 -3.36116 3.66488 0.458088
60.9467 -3.39324 3.6717 0.481792
61.0467 -3.43489 3.71091 0.513139
61.1467 -3.49298 3.72887 0.532616
61.1967 -3.52271 3.73272 0.546424
61.2467 -3.56441 3.742 0.545932
61.3967 -3.61136 3.76806 0.545087
61.4467 -3.66761 3.77609 0.560271
61.5467 -3.68898 3.79702 0.590162
61.6467 -3.7244 3.80929 0.67766
61.6967 -3.71116 3.84252 0.643155
61.7967 -3.77611 3.8605 0.647443
61.8967 -3.84495 3.86953 0.636834
61.9967 -3.91044 3.87727 0.649058
62.0467 -3.9183 3.89177 0.661473
62.1467 -3.96972 3.89304 0.691375
62.2467 -4.05961 3.89732 0.769336
62.3467 -4.15255 3.88354 0.818168
62.3967 -4.19082 3.8823 0.827304
62.4967 -4.29312 3.83736 0.898194
62.5467 -4.32563 3.82073 0.927281
62.6467 -4.4022 3.80253 0.983444
62.7467 -4.46042 3.78884 1.05966
62.8467 -4.50436 3.76523 1.13113
62.8967 -4.49928 3.77428 1.14613
62.9967 -4.52908 3.76272 1.19809
63.0467 -4.52893 3.76686 1.19885
63.1467 -4.54685 3.76855 1.20461
63.2467 -4.58646 3.76219 1.20514
63.2467 -4.59178 3.7645 1.19481
63.3467 -4.59411 3.78847 1.1885
63.4467 -4.63311 3.78716 1.19087
63.4967 -4.67062 3.77997 1.18722
63.6467 -4.6924 3.77881 1.19913
63.6967 -4.70933 3.75467 1.2422
63.7467 -4.72138 3.76839 1.27144
63.8467 -4.75152 3.76112 1.30184
63.8967 -4.77011 3.7594 1.33102
63.9967 -4.78558 3.76166 1.3805
64.0467 -4.77944 3.79152 1.3714
64.0967 -4.79959 3.79306 1.38792
64.2467 -4.86278 3.8081 1.43308
64.2967 -4.86248 3.86774 1.4355
64.3467 -4.89354 3.86935 1.43768
64.4467 -4.96834 3.88104 1.45474
64.5467 -4.985 3.90818 1.5346
64.5967 -4.99709 3.93206 1.54197
64.6467 -5.03249 3.93185 1.55341
64.7967 -5.02849 3.93988 1.54877
64.8467 -5.02849 3.93988 1.54877
64.8967 -5.10277 3.96246 1.53911
64.9967 -5.22376 4.03484 1.38489
65.0467 -5.28743 4.06489 1.31597
65.0967 -5.34178 4.09187 1.27348
65.1467 -5.38813 4.1249 1.25276
65.2467 -5.43833 4.1579 1.31406
65.3467 -5.40072 4.22228 1.48048
65.3967 -5.37171 4.28098 1.64445
65.4967 -5.39118 4.31757 1.70453
65.5967 -5.48982 4.36596 1.68216
65.6967 -5.48982 4.36596 1.68216
65.7467 -5.54891 4.38058 1.65823
65.8467 -5.64564 4.44455 1.6525
65.8967 -5.68654 4.47757 1.64518
65.9967 -5.77968 4.5149 1.65939
66.0967 -5.84726 4.56458 1.70599
66.1467 -5.95276 4.59047 1.73885
66.2467 -6.06262 4.61141 1.72811
66.2967 -6.15513 4.60914 1.79151
66.3467 -6.27817 4.59581 1.82202
66.4467 -6.50947 4.39716 1.94056
66.4967 -6.50947 4.39716 1.94056
66.5467 -6.68168 4.34271 1.93816
66.6467 -6.86403 4.2192 2.0293
66.7467 -6.86403 4.2192 2.0293
66.7967 -6.99505 4.20317 2.015
66.8467 -7.08517 4.18602 2.04243
66.9467 -7.08517 4.18602 2.04243
66.9967 -7.15229 4.17978 2.05718
67.0967 -7.26793 4.19493 2.08425
67.1967 -7.34587 4.22007 2.15618
67.2967 -7.40999 4.25618 2.17258
67.3967 -7.46006 4.23507 2.23496
67.4467 -7.48461 4.28051 2.2984
67.4967 -7.51367 4.31321 2.30168
67.5967 -7.58082 4.33509 2.31045
67.6967 -7.64309 4.38675 2.26995
67.7967 -7.67288 4.44931 2.30898
67.8967 -7.74363 4.48542 2.33061
67.9967 -7.75392 4.50486 2.37868
68.0467 -7.77719 4.53131 2.42086
68.1467 -7.84962 4.56377 2.47614
68.1967 -7.90519 4.57647 2.4893
68.2967 -7.97793 4.56947 2.48244
68.3467 -8.05917 4.5384 2.49956
68.4467 -8.05917 4.5384 2.49956
68.5467 -8.05917 4.5384 2.49956
68.6467 -8.05917 4.5384 2.49956
68.6967 -8.05917 4.5384 2.49956
68.8467 -8.15082 4.49347 2.46105
68.8967 -8.24221 4.44238 2.43401
68.9967 -8.24221 4.44238 2.43401
69.0467 -8.27611 4.41762 2.44767
69.0967 -8.29298 4.42565 2.5032
69.1467 -8.30726 4.49086 2.54128
69.2467 -8.32676 4.51023 2.57979
69.2967 -8.3597 4.52944 2.53043
69.3967 -8.45671 4.53842 2.39238
69.4467 -8.51414 4.52978 2.35632
69.5467 -8.59203 4.52576 2.26905
69.6467 -8.55256 4.64155 2.32813
69.6967 -8.54925 4.66371 2.32248
69.7467 -8.54973 4.69444 2.30417
69.8467 -8.6003 4.69007 2.26948
69.8967 -8.65848 4.67888 2.31515
69.9967 -8.71003 4.71267 2.29768
70.0967 -8.78122 4.68527 2.32168
70.1467 -8.83202 4.6404 2.32158
70.2467 -8.88501 4.64546 2.33856
70.3467 -8.89234 4.67095 2.33812
70.4467 -8.89234 4.67095 2.33812
70.6467 -8.94503 4.63368 2.42018
70.7467 -8.94503 4.63368 2.42018
70.8467 -8.98765 4.56047 2.53546
70.8967 -9.07544 4.42416 2.52991
70.9467 -9.10723 4.36786 2.61625
71.0467 -9.15358 4.24489 2.75992
71.0967 -9.17709 4.13867 2.70827
71.1967 -9.24278 4.11702 2.59504
71.2967 -9.32567 4.0746 2.38437
71.3467 -9.34474 4.07132 2.31932
71.3967 -9.30575 4.14547 2.38921
71.4967 -9.29842 4.12677 2.39359
71.5967 -9.27085 4.16138 2.41068
71.6467 -9.23373 4.16449 2.42744
71.7467 -9.23487 4.17634 2.33423
71.7967 -9.25533 4.18523 2.21995
71.8467 -9.27622 4.15153 2.11415
71.9967 -9.27557 4.16835 2.01225
71.9967 -9.27743 4.18067 1.99026
72.0967 -9.26801 4.18087 2.03296
72.1467 -9.31869 4.03214 1.88763
72.2467 -9.39729 3.7746 1.8545
72.3467 -9.39729 3.7746 1.8545
72.3967 -9.39729 3.7746 1.8545
72.5467 -9.39916 3.7545 1.80425
72.5967 -9.56637 3.39619 1.66324
72.6467 -9.56637 3.39619 1.66324
72.6967 -9.57892 3.3367 1.73882
72.7967 -9.57892 3.3367 1.73882
72.8467 -9.57892 3.3367 1.73882
73.0467 -9.5892 3.31463 1.81143
73.1467 -9.63045 3.35519 1.77884
73.2467 -9.6621 3.39187 1.71629
73.3467 -9.6906 3.4813 1.64666
73.3967 -9.70005 3.52022 1.61724
73.4967 -9.76469 3.58248 1.43501
73.5967 -9.7851 3.68637 1.34674
73.6967 -9.79161 3.79116 1.31222
73.7467 -9.77815 3.88642 1.34702
73.8467 -9.77246 3.95354 1.33987
73.9467 -9.80067 4.00392 1.28792
74.0467 -9.80564 4.07022 1.26734
74.0967 -9.81824 4.0964 1.25346
74.1967 -9.82643 4.13352 1.28807
74.3467 -9.81792 4.16439 1.37583
74.3967 -9.82485 4.18046 1.37612
74.4967 -9.84706 4.09958 1.44489
74.5967 -9.89579 3.96735 1.55983
74.6467 -9.91748 3.86198 1.6474
74.7467 -9.9729 3.61678 1.8377
74.8467 -9.98781 3.40052 2.04271
74.9467 -9.98796 3.20437 2.23892
75.0967 -9.98796 3.20437 2.23892
75.1467 -10.0105 3.1798 2.24081
75.2467 -10.0803 3.15823 2.1153
75.2967 -10.0852 3.15479 2.02238
75.3967 -10.1009 3.13189 1.9524
75.3967 -10.1138 3.14008 1.88852
75.5467 -10.1289 3.17068 1.83111
75.5967 -10.1397 3.12262 1.80684
75.6467 -10.1638 3.05311 1.80927
75.6967 -10.1816 2.98204 1.83572
75.7967 -10.1737 2.82554 2.01747
75.8967 -10.1439 2.73569 2.14618
75.9967 -10.1276 2.57677 2.37247
76.0467 -10.0928 2.36065 2.53851
76.1967 -10.0658 2.25788 2.55218
76.2967 -10.0301 1.99906 2.60778
76.3467 -10.0161 1.82168 2.597
76.4467 -9.95644 1.55574 2.65324
76.4967 -9.9223 1.50303 2.67357
76.5967 -9.90046 1.45657 2.72215
76.6967 -9.87617 1.5009 2.75848
76.7967 -9.87056 1.5498 2.74823
76.8467 -9.86611 1.6006 2.68166
76.9467 -9.90564 1.721 2.48765
76.9967 -9.91825 1.78267 2.38026
77.0967 -9.92788 1.87251 2.23725
77.1967 -9.93059 1.99447 2.1376
77.2467 -9.92732 2.05323 2.09141
77.3467 -9.94575 2.08333 2.07706
77.3967 -9.93071 2.1921 2.04671
77.4467 -9.93069 2.26237 2.05217
77.5467 -9.88424 2.30402 2.14347
77.5967 -9.8264 2.32689 2.32693
77.6967 -9.78117 2.43643 2.43245
77.7467 -9.74269 2.4716 2.50623
77.8467 -9.69501 2.49071 2.6089
77.8967 -9.67565 2.4988 2.60142
77.9467 -9.65432 2.5772 2.55432
78.0467 -9.63885 2.61305 2.53755
78.0967 -9.63661 2.62174 2.53548
78.1967 -9.62953 2.61903 2.57896
78.2467 -9.59281 2.69028 2.62992
78.2967 -9.57195 2.80227 2.624
78.3467 -9.56174 2.89107 2.60049
78.3967 -9.56709 2.92611 2.58317
78.4967 -9.56709 2.92611 2.58317
78.5467 -9.56935 2.98342 2.55817
78.6467 -9.56935 2.98342 2.55817
78.6967 -9.57901 3.04486 2.49662
78.7967 -9.57901 3.04486 2.49662
78.8467 -9.61071 3.10601 2.45493
78.8967 -9.6369 3.13149 2.40633
78.9967 -9.66759 3.22514 2.30699
79.0467 -9.69432 3.26958 2.23836
79.0967 -9.73911 3.26675 2.17955
79.1467 -9.77611 3.26045 2.15805
79.2467 -9.8288 3.28608 2.08061
79.2967 -9.85497 3.32031 2.02733
79.3467 -9.85995 3.42262 1.9782
79.3967 -9.8499 3.56089 1.8937
79.4467 -9.85942 3.60226 1.87313
79.4967 -9.84636 3.66546 1.88453
79.6467 -9.82236 3.63617 1.96335
79.6967 -9.82236 3.63617 1.96335
79.7467 -9.81827 3.67658 1.9697
79.7967 -9.80199 3.71048 1.97869
79.8967 -9.79958 3.79773 1.88912
79.9467 -9.81508 3.73675 1.86539
80.0467 -9.85432 3.69921 1.82942
80.0967 -9.85097 3.73566 1.80141
80.1967 -9.86301 3.74139 1.79552
80.2467 -9.91112 3.62516 1.89479
80.2967 -9.9204 3.6045 1.95688
80.3967 -9.88255 3.67495 1.97622
80.4967 -9.87278 3.69833 1.99035
80.5467 -9.85665 3.71692 2.02484
80.6467 -9.8197 3.73976 2.22449
80.6967 -9.82383 3.73663 2.26251
80.7967 -9.85604 3.75835 2.16554
80.8467 -9.93231 3.74818 2.05862
80.9467 -10.0286 3.76991 1.7649
80.9967 -10.0837 3.74832 1.6357
81.0467 -10.1284 3.74152 1.51998
81.0967 -10.1694 3.72724 1.39658
81.1467 -10.1979 3.72321 1.3045
81.2467 -10.2207 3.73586 1.23605
81.3467 -10.2116 3.76454 1.1962
81.3967 -10.2022 3.7559 1.19476
81.4467 -10.2093 3.75679 1.15673
81.4967 -10.2054 3.75934 1.17824
81.5467 -10.1902 3.78251 1.11894
81.6467 -10.1696 3.786 1.07081
81.6967 -10.1751 3.78017 1.059
81.7467 -10.1754 3.77325 1.06383
81.8467 -10.1187 3.80661 1.10352
81.8967 -10.1198 3.79684 1.10169
81.9967 -10.0864 3.7928 1.10355
82.0467 -10.0892 3.78609 1.08289
82.0967 -10.0815 3.78968 1.05586
82.1967 -10.0529 3.75881 1.0593
82.2967 -10.0568 3.72363 1.00151
82.3467 -10.0378 3.72923 0.966244
82.3967 -10.0285 3.71451 0.976388
82.4467 -10.0501 3.67818 0.950675
82.5467 -10.0411 3.61498 0.912877
82.5967 -10.026 3.60226 0.943749
82.6467 -10.0059 3.6139 0.942638
82.7467 -9.95176 3.59672 1.0507
82.8467 -9.91048 3.56984 1.17764
82.8467 -9.87654 3.59112 1.23871
82.9467 -9.84854 3.61482 1.25144
82.9967 -9.82238 3.64075 1.26438
83.0467 -9.81292 3.62917 1.27355
83.1467 -9.78496 3.62357 1.34151
83.1967 -9.77723 3.59814 1.40322
83.2967 -9.73804 3.57903 1.55887
83.3467 -9.70636 3.58807 1.61058
83.3967 -9.68751 3.58844 1.64721
83.4967 -9.71235 3.55047 1.56696
83.5467 -9.7314 3.53079 1.49643
83.5967 -9.74904 3.53136 1.4467
83.6467 -9.76806 3.51138 1.43103
83.7467 -9.759 3.49056 1.48488
83.7967 -9.76816 3.49005 1.48015
83.8467 -9.77694 3.47215 1.50104
83.8967 -9.79197 3.47001 1.50843
83.9967 -9.84367 3.44867 1.4043
84.0467 -9.88737 3.4317 1.30206
84.0967 -9.92184 3.42748 1.19582
84.1467 -9.99315 3.41611 0.971987
84.2467 -10.0235 3.39461 0.860607
84.2967 -10.0493 3.39965 0.79074
84.3467 -10.0678 3.41239 0.738189
84.4467 -10.0935 3.43533 0.682962
84.4967 -10.108 3.43957 0.659431
84.5967 -10.138 3.46085 0.6309
84.6467 -10.1457 3.47186 0.60179
84.6967 -10.1558 3.47441 0.573886
84.7967 -10.1757 3.47072 0.538954
84.8467 -10.1757 3.47072 0.538954
84.8967 -10.1829 3.46902 0.542497
84.9467 -10.1908 3.46784 0.572817
85.0467 -10.2002 3.43822 0.589757
85.0967 -10.2002 3.43822 0.589757
85.1467 -10.1982 3.39685 0.606902
85.2467 -10.2077 3.37702 0.713723
85.2967 -10.2105 3.35993 0.765703
85.3467 -10.2176 3.37432 0.822193
85.3967 -10.2242 3.37346 0.865654
85.4967 -10.2277 3.33545 0.892871
85.5467 -10.2252 3.39759 0.89841
85.5967 -10.2386 3.53721 0.885793
85.6467 -10.2564 3.54227 0.871509
85.7467 -10.3023 3.63081 0.805401
85.7967 -10.334 3.5469 0.753007
85.8467 -10.3542 3.52544 0.75655
85.8967 -10.375 3.47095 0.751015
85.9467 -10.3929 3.52236 0.673785
85.9967 -10.41 3.52059 0.617559
86.0467 -10.4242 3.51437 0.595085
86.0967 -10.4211 3.56601 0.627106
86.1467 -10.4196 3.53122 0.644581
86.2467 -10.412 3.48137 0.694838
86.2967 -10.4076 3.50027 0.704607
86.3467 -10.4153 3.52567 0.654002
86.3967 -10.4397 3.47635 0.627748
86.4967 -10.4733 3.40947 0.498392
86.5967 -10.4968 3.40677 0.526885
86.6467 -10.4856 3.48851 0.561465
86.6967 -10.491 3.52209 0.649397
86.7967 -10.4922 3.52322 0.64979
86.8467 -10.5498 3.50328 0.714402
86.8967 -10.5701 3.53951 0.702865
86.9467 -10.5933 3.54349 0.699667
86.9967 -10.6208 3.59629 0.76737
87.0467 -10.6158 3.63374 0.8321
87.1467 -10.6158 3.747 0.936743
87.1467 -10.5588 3.76743 1.14287
87.2467 -10.5588 3.76743 1.14287
87.3467 -10.5746 3.73977 0.974677
87.3967 -10.587 3.75729 0.763769
87.4467 -10.5895 3.72718 0.587494
87.4967 -10.5782 3.68924 0.396311
87.5467 -10.5972 3.68408 0.322793
87.6467 -10.6276 3.67686 0.243149
87.6967 -10.644 3.65682 0.36868
87.7467 -10.6509 3.63881 0.500533
87.8467 -10.6988 3.63619 0.727037
87.8967 -10.6827 3.61154 0.818798
87.9467 -10.6951 3.599 0.866522
88.0467 -10.7305 3.58915 0.83932
88.0967 -10.7348 3.56536 0.835147
88.1967 -10.7405 3.54151 0.848127
88.2467 -10.7392 3.44141 0.85642
88.2967 -10.7407 3.3941 0.830206
88.3967 -10.7571 3.28192 0.772943
88.4467 -10.783 3.22713 0.796979
88.5467 -10.8069 3.10245 0.833838
88.6467 -10.8496 3.04017 0.801545
88.6967 -10.8606 2.99446 0.753054
88.7967 -10.8946 2.8933 0.750886
88.8467 -10.9418 2.82139 0.722588
88.9467 -10.9731 2.69374 0.716621
88.9967 -10.9883 2.62097 0.644084
89.0967 -11.0251 2.50327 0.484911
89.1467 -11.0468 2.42509 0.400205
89.1967 -11.0603 2.43835 0.33616
89.2967 -11.085 2.42179 0.323871
89.3467 -11.1023 2.43425 0.340909
89.4467 -11.1316 2.40467 0.314168
89.4967 -11.1475 2.37067 0.328826
89.5467 -11.1619 2.3281 0.333238
89.6467 -11.1951 2.29006 0.303878
89.7467 -11.2121 2.28348 0.215807
89.7967 -11.2121 2.28348 0.215807
89.8467 -11.2142 2.24027 0.134229
89.8967 -11.1906 2.21524 -0.0688014
89.9467 -11.184 2.21492 -0.134016
89.9967 -11.1755 2.28555 -0.108194
90.0967 -11.1463 2.45118 -0.039369
90.1967 -11.0882 2.58051 0.267984
90.2967 -11.0662 2.57163 0.402561
90.3467 -11.0662 2.57163 0.402561
90.4467 -10.9849 2.73238 0.364483
90.5467 -10.9193 2.91122 0.263691
90.5967 -10.8796 3.00908 0.246096
90.6967 -10.7863 3.26319 0.301456
90.7467 -10.6524 3.54712 0.369862
90.8467 -10.5987 3.6924 0.347387
90.8967 -10.4978 3.89076 0.333197
91.0467 -10.2722 4.22923 0.342433
91.0967 -10.2722 4.22923 0.342433
91.1467 -10.1089 4.42931 0.403238
91.1967 -10.1089 4.42931 0.403238
91.2967 -10.0426 4.48902 0.606647
91.3967 -10.0426 4.48902 0.606647
91.4967 -10.0426 4.48902 0.606647
91.5467 -10.0704 4.34939 0.696726
91.6467 -9.95124 4.45764 0.696502
91.6967 -9.84198 4.62163 0.723268
91.7967 -9.84198 4.62163 0.723268
91.8467 -9.69716 4.76977 0.752896
91.9467 -9.69716 4.76977 0.752896
92.0467 -9.69716 4.76977 0.752896
92.1467 -9.69716 4.76977 0.752896
92.1967 -9.62214 4.83447 0.768404
92.2967 -9.62214 4.83447 0.768404
92.3467 -9.56583 4.8255 0.707737
92.4467 -9.56583 4.8255 0.707737
92.5467 -9.56583 4.8255 0.707737
92.5967 -9.54501 4.78865 0.567154
92.6967 -9.54501 4.78865 0.567154
92.7467 -9.54501 4.78865 0.567154
92.8467 -9.53902 4.77957 0.510461
92.8967 -9.54049 4.80268 0.527474
92.9967 -9.51987 4.9146 0.690316
93.0467 -9.4756 4.90107 0.78582
93.1467 -9.42771 5.02894 0.800571
93.1967 -9.38567 5.09426 0.781166
93.2967 -9.29033 5.17436 0.739134
93.3967 -9.19652 5.31148 0.785379
93.4967 -9.0775 5.42588 0.914401
93.5967 -8.99944 5.49328 1.07543
93.6467 -8.98204 5.53379 1.06967
93.6967 -8.97729 5.56937 1.05074
93.7967 -8.99626 5.57447 1.02294
93.8967 -9.07923 5.57049 0.849265
93.9467 -9.09659 5.58024 0.76758
93.9967 -9.1147 5.56282 0.704696
94.0967 -9.19789 5.54895 0.564059
94.1967 -9.19142 5.51677 0.5692
94.2467 -9.23094 5.47545 0.616465
94.3467 -9.27313 5.41253 0.76876
94.4467 -9.27828 5.40823 0.732963
94.4967 -9.3639 5.35592 0.767028
94.5467 -9.3639 5.35592 0.767028
94.6467 -9.3639 5.35592 0.767028
94.7467 -9.3639 5.35592 0.767028
94.8467 -9.36597 5.40699 0.745471
94.8967 -9.36597 5.40699 0.745471
94.9967 -9.33333 5.44217 0.83752
95.0967 -9.304 5.38573 1.04592
95.1967 -9.29437 5.37551 1.22583
95.2467 -9.28736 5.41027 1.3453
95.2967 -9.29643 5.41219 1.40587
95.3467 -9.34545 5.40168 1.36181
95.4467 -9.44694 5.38193 1.23255
95.5467 -9.5703 5.37508 1.07079
95.5967 -9.64139 5.347 0.918644
95.6967 -9.64139 5.347 0.918644
95.7467 -9.6845 5.3482 0.797297
95.7967 -9.7152 5.39191 0.670658
95.8467 -9.7152 5.39191 0.670658
95.9467 -9.69492 5.45414 0.701712
96.0467 -9.69492 5.45414 0.701712
96.1467 -9.69492 5.45414 0.701712
96.1967 -9.69492 5.45414 0.701712
96.2967 -9.64081 5.5873 0.644607
96.3967 -9.57898 5.83337 0.526821
96.4467 -9.55362 5.90172 0.427597
96.5467 -9.53241 5.97924 0.328865
96.5967 -9.53241 5.97924 0.328865
96.6967 -9.41764 6.30067 0.168651
96.7967 -9.21375 6.75795 0.193261
96.8467 -9.08663 6.98708 0.240773
96.9467 -9.00872 7.11743 0.254035
97.0467 -9.00872 7.11743 0.254035
97.0967 -8.97583 7.19651 0.285917
97.1967 -8.93763 7.31912 0.292468
97.2467 -8.975 7.33619 0.237741
97.2967 -9.04104 7.31907 0.166237
97.3967 -9.04104 7.31907 0.166237
97.4967 -9.04104 7.31907 0.166237
97.5467 -9.06728 7.33795 0.0619572
97.5967 -9.05659 7.38989 -0.0783248
97.6967 -9.01908 7.46183 -0.218751
97.7967 -9.11941 7.40184 -0.290701
97.8967 -8.95067 7.63051 -0.21447
97.9467 -8.81618 7.77603 -0.157677
98.0467 -8.35263 8.23868 0.147388
98.0967 -8.17354 8.47126 0.282531
98.1967 -7.78668 8.97365 0.432905
98.2467 -7.59822 9.17769 0.484789
98.2967 -7.46933 9.32761 0.4052
98.3467 -7.27637 9.56038 0.0758282
98.4467 -7.18878 9.65285 -0.0580407
98.4967 -7.10508 9.75345 -0.233363
98.5467 -7.01385 9.84622 -0.347404
98.6967 -6.70453 10.1607 -0.461057
98.7467 -6.70453 10.1607 -0.461057
98.8467 -6.38305 10.4025 -0.594231
98.8967 -6.18154 10.5498 -0.75048
98.9467 -6.02342 10.6504 -0.966199
98.9967 -5.84981 10.7372 -1.21908
99.0967 -5.5265 10.8832 -1.74663
99.1467 -5.38377 10.9268 -1.99492
99.2467 -5.00943 11.0457 -2.26173
99.3467 -4.58362 11.1934 -2.34546
99.3967 -4.33481 11.2852 -2.3105
99.4467 -3.79896 11.4301 -2.17001
99.5967 -3.59191 11.4873 -2.09089
99.6467 -3.59191 11.4873 -2.09089
99.6967 -3.38332 11.5064 -2.14246
99.7467 -2.98918 11.525 -2.25759
99.8467 -2.88007 11.5278 -2.28846
99.8967 -2.67151 11.5114 -2.36707
99.9967 -2.59795 11.5037 -2.4499
100.047 -2.53136 11.4946 -2.50309
100.097 -2.47991 11.4825 -2.57482
100.197 -2.4401 11.4387 -2.78578
100.247 -2.48286 11.3936 -2.93596
100.347 -2.55457 11.2862 -3.29484
100.397 -2.58356 11.25 -3.37378
100.497 -2.5769 11.2435 -3.34307
100.597 -2.65937 11.1553 -3.53839
100.647 -2.71348 11.1206 -3.62976
100.747 -2.77211 11.0357 -3.71073
100.797 -2.77806 11.0352 -3.65067
100.847 -2.75438 11.0512 -3.53988
100.947 -2.73308 11.0482 -3.36217
100.997 -2.68175 11.0859 -3.14873
101.147 -2.68175 11.0859 -3.14873
101.197 -2.69577 11.1172 -2.9706
101.247 -2.72589 11.0741 -2.88107
101.397 -2.75899 11.0107 -2.9436
101.447 -2.75382 10.9511 -3.06617
101.547 -2.68925 10.8533 -3.26913
101.597 -2.6427 10.8231 -3.30719
101.697 -2.5327 10.7886 -3.2671
101.797 -2.53323 10.79 -3.27508
101.847 -2.53323 10.79 -3.27508
101.897 -2.45146 10.6693 -3.352
101.947 -2.43243 10.6332 -3.39349
102.097 -2.43745 10.6395 -3.37531
102.197 -2.40038 10.6081 -3.37066
102.247 -2.36244 10.584 -3.35403
102.297 -2.31229 10.5585 -3.3271
102.347 -2.28255 10.5173 -3.30225
102.447 -2.24674 10.4439 -3.24524
102.497 -2.23125 10.4205 -3.1985
102.597 -2.2443 10.3774 -3.18678
102.647 -2.2443 10.3774 -3.18678
102.747 -2.20197 10.3043 -3.25137
102.797 -2.17739 10.2763 -3.2944
102.847 -2.14156 10.2384 -3.34514
102.947 -2.12533 10.189 -3.3785
102.997 -2.05617 10.1189 -3.32435
103.097 -2.02985 10.055 -3.33623
103.147 -2.02018 10.0296 -3.3715
103.247 -1.96578 9.95248 -3.48547
103.347 -1.89683 9.88207 -3.48107
103.397 -1.86331 9.86043 -3.43779
103.497 -1.79874 9.80542 -3.37775
103.547 -1.72952 9.77964 -3.36474
103.597 -1.69271 9.76055 -3.34439
103.697 -1.64017 9.7471 -3.36148
103.747 -1.64017 9.7471 -3.36148
103.847 -1.58811 9.68472 -3.37717
103.897 -1.57132 9.64654 -3.37135
104.047 -1.53566 9.58234 -3.34546
104.097 -1.53566 9.58234 -3.34546
104.197 -1.47969 9.49921 -3.399
104.247 -1.42371 9.46779 -3.41157
104.347 -1.32106 9.38696 -3.45551
104.447 -1.28109 9.34308 -3.46833
104.497 -1.28109 9.34308 -3.46833
104.547 -1.23367 9.30476 -3.47296
104.647 -1.13668 9.2421 -3.47303
104.747 -1.08106 9.23272 -3.43923
104.847 -1.08106 9.23272 -3.43923
104.897 -1.06043 9.21647 -3.43745
104.947 -1.01739 9.18744 -3.43434
105.047 -0.972959 9.12401 -3.48108
105.147 -0.93542 9.04397 -3.61961
105.297 -0.934349 9.04534 -3.62191
105.347 -0.934349 9.04534 -3.62191
105.397 -0.952499 9.01443 -3.60296
105.447 -0.961605 8.97932 -3.64748
105.547 -0.962744 8.89025 -3.71463
105.597 -0.963213 8.85306 -3.72431
105.697 -0.911158 8.8341 -3.6763
105.797 -0.878704 8.82213 -3.66433
105.897 -0.878704 8.82213 -3.66433
105.947 -0.852229 8.79007 -3.68876
106.047 -0.826159 8.74872 -3.71494
106.097 -0.755432 8.6056 -3.8389
106.197 -0.670051 8.58162 -3.8136
106.247 -0.629009 8.58236 -3.76842
106.347 -0.576911 8.54169 -3.70976
106.447 -0.515608 8.48786 -3.71027
106.497 -0.484478 8.44909 -3.6818
106.597 -0.442242 8.39489 -3.64711
106.697 -0.4227 8.32966 -3.66075
106.747 -0.402567 8.29328 -3.65806
106.847 -0.354336 8.20884 -3.70869
106.947 -0.306643 8.15267 -3.75036
107.047 -0.279614 8.12613 -3.75954
107.097 -0.164029 8.05545 -3.76489
107.197 -0.0615412 8.02732 -3.74792
107.247 -0.0264223 7.99954 -3.75652
107.347 0.0505659 7.97287 -3.72963
107.397 0.0915338 7.94795 -3.73152
107.497 0.162632 7.90427 -3.72114
107.597 0.212289 7.84208 -3.7616
107.647 0.278007 7.82263 -3.78695
107.747 0.350063 7.78636 -3.79293
107.847 0.424879 7.77307 -3.77403
107.947 0.4713 7.74808 -3.78494
107.997 0.508874 7.73892 -3.79492
108.097 0.535317 7.71933 -3.80395
108.147 0.576794 7.66896 -3.86757
108.197 0.568117 7.6288 -3.92962
108.297 0.606334 7.57126 -4.04928
108.347 0.567767 7.51218 -4.13359
108.397 0.558976 7.48253 -4.17814
108.497 0.642227 7.47955 -4.16759
108.597 0.76056 7.51559 -4.09404
108.647 0.758537 7.49717 -4.10608
108.747 0.782805 7.43378 -4.19999
108.797 0.786624 7.39489 -4.26765
108.947 0.846425 7.29398 -4.41764
108.947 0.891605 7.28958 -4.42457
109.047 0.960096 7.30235 -4.39108
109.097 0.981238 7.25863 -4.43436
109.197 1.09765 7.21813 -4.43335
109.247 1.14186 7.2082 -4.4205
109.347 1.26196 7.17381 -4.3856
109.447 1.31191 7.15406 -4.37338
109.497 1.31191 7.15406 -4.37338
109.547 1.37067 7.12977 -4.3593
109.597 1.43786 7.09651 -4.3416
109.647 1.51685 7.03642 -4.32995
109.797 1.5004 7.02651 -4.34108
109.797 1.5004 7.02651 -4.34108
109.897 1.56308 7.00269 -4.25823
109.997 1.55746 7.0238 -4.12653
110.047 1.55416 7.03526 -4.06734
110.197 1.62829 7.08461 -3.87588
110.247 1.64994 7.07734 -3.78265
110.297 1.63381 7.03624 -3.82656
110.397 1.56262 6.95462 -3.94656
110.497 1.58048 6.95415 -3.93336
110.547 1.57895 6.93643 -3.94629
110.597 1.57491 6.92022 -3.95926
110.697 1.5847 6.9223 -3.89891
110.747 1.63576 6.9575 -3.80552
110.847 1.68015 7.02034 -3.61899
110.947 1.72213 7.09414 -3.40496
111.047 1.71083 7.17638 -3.20456
111.097 1.73026 7.19984 -3.12704
111.197 1.79229 7.24356 -2.99699
111.247 1.83023 7.25611 -2.94625
111.347 1.86863 7.26934 -2.93849
111.447 1.8587 7.21243 -3.13996
111.497 1.82045 7.16427 -3.35331
111.597 1.68559 7.05594 -3.73608
111.647 1.65106 7.05294 -3.80772
111.747 1.49151 7.10186 -3.94549
111.847 1.48721 7.12251 -4.00083
111.897 1.43051 7.09528 -4.11186
111.997 1.34437 7.04504 -4.3063
112.047 1.35845 7.06801 -4.3056
112.147 1.36152 7.13857 -4.26921
112.247 1.4445 7.24154 -4.19201
112.347 1.46983 7.31772 -4.19203
112.397 1.42927 7.31492 -4.32106
112.547 1.3581 7.30284 -4.38249
112.597 1.38949 7.39116 -4.30454
112.697 1.42585 7.45358 -4.30496
112.797 1.45986 7.48574 -4.33675
112.847 1.52357 7.54329 -4.27536
112.897 1.5526 7.58282 -4.23304
112.947 1.51354 7.56571 -4.3269
113.047 1.42542 7.49621 -4.46471
113.197 1.43264 7.49918 -4.46445
113.297 1.46925 7.57227 -4.4392
113.347 1.5196 7.62829 -4.36925
113.347 1.54973 7.66437 -4.30438
113.447 1.56246 7.68937 -4.27002
113.497 1.56157 7.70948 -4.22328
113.597 1.57645 7.75133 -4.16794
113.647 1.61824 7.82486 -4.06453
113.747 1.61214 7.89296 -4.00223
113.797 1.56028 7.8982 -3.99136
113.897 1.55447 7.92394 -3.9925
113.947 1.60735 7.95815 -3.96652
114.047 1.64844 7.95593 -3.96373
114.097 1.67772 7.95833 -3.95163
114.197 1.81334 7.9867 -3.91634
114.297 1.89847 8.01794 -3.88457
114.347 1.9015 8.02649 -3.87046
114.447 1.912 8.03789 -3.86677
114.547 1.87364 8.04102 -3.88762
114.597 1.85439 8.06125 -3.84881
114.697 1.81556 8.07771 -3.8448
114.747 1.79341 8.08069 -3.85975
114.847 1.80815 8.10104 -3.86833
114.897 1.78139 8.11584 -3.87385
114.997 1.7825 8.14916 -3.83492
115.097 1.77971 8.21093 -3.71658
115.197 1.79698 8.29939 -3.54041
115.297 1.77982 8.31944 -3.52051
115.347 1.72232 8.30787 -3.59108
115.447 1.6683 8.31276 -3.66497
115.497 1.63767 8.31489 -3.70417
115.597 1.58233 8.31985 -3.74279
115.697 1.5533 8.33671 -3.74371
115.747 1.53463 8.33384 -3.77645
115.797 1.51999 8.3355 -3.79566
115.897 1.45391 8.3236 -3.86098
115.947 1.42024 8.32913 -3.86258
116.047 1.40122 8.36887 -3.79617
116.147 1.40283 8.38494 -3.78176
116.197 1.37385 8.41565 -3.74998
116.297 1.32404 8.44134 -3.73133
116.347 1.25381 8.42383 -3.76178
116.447 1.1676 8.39591 -3.85277
116.547 1.17449 8.40616 -3.86836
116.597 1.218 8.42421 -3.84415
116.647 1.27269 8.45193 -3.7949
116.747 1.29949 8.48769 -3.73434
116.897 1.26064 8.51563 -3.69477
116.897 1.22765 8.504 -3.69533
116.997 1.21579 8.50399 -3.69303
117.097 1.19796 8.49185 -3.7376
117.147 1.19085 8.48437 -3.76043
117.247 1.13261 8.39216 -3.99527
117.297 1.09506 8.34525 -4.11231
117.397 1.02201 8.23739 -4.34038
117.497 1.02798 8.20263 -4.40152
117.597 1.05049 8.25119 -4.2382
117.647 1.08282 8.28903 -4.1185
117.797 1.0907 8.29029 -4.11133
117.847 1.0907 8.29029 -4.11133
117.897 0.947159 8.28246 -4.04407
117.997 0.686465 8.31534 -3.90422
118.047 0.548057 8.34717 -3.83691
118.147 0.287629 8.35711 -3.68628
118.247 0.0990551 8.37911 -3.53724
118.347 -0.0193403 8.39691 -3.4407
118.397 -0.0522115 8.39981 -3.38238
118.497 -0.147339 8.38823 -3.31499
118.597 -0.322637 8.35769 -3.28155
118.647 -0.461754 8.34104 -3.24266
118.747 -0.461754 8.34104 -3.24266
118.847 -0.461754 8.34104 -3.24266
118.947 -0.461754 8.34104 -3.24266
119.047 -0.461754 8.34104 -3.24266
119.197 -0.461754 8.34104 -3.24266
119.247 -0.461754 8.34104 -3.24266
119.397 -0.461754 8.34104 -3.24266
119.497 -0.747436 8.29779 -3.13414
119.597 -1.0492 8.30947 -3.00608
119.647 -1.21347 8.45308 -2.7448
119.747 -1.63922 8.43031 -2.5629
119.847 -1.99221 8.44527 -2.35327
119.897 -2.1558 8.46892 -2.23107
119.997 -2.40482 8.45655 -2.18211
120.097 -2.58574 8.37871 -2.19672
120.147 -2.73346 8.35584 -2.24461
120.247 -2.84061 8.32891 -2.2353
120.347 -2.8634 8.32984 -2.17984
120.447 -2.8813 8.32925 -2.21674
120.547 -2.92816 8.32728 -2.19204
120.597 -2.96224 8.35461 -2.11419
120.697 -3.08553 8.35871 -2.03633
120.747 -3.19091 8.3497 -2.08697
120.897 -3.19091 8.3497 -2.08697
120.997 -3.36856 8.34787 -2.13687
121.147 -3.41777 8.3793 -2.07608
121.247 -3.46975 8.37906 -2.03544
121.347 -3.47757 8.42283 -1.92985
121.447 -3.47149 8.42995 -1.89928
121.497 -3.46079 8.46978 -1.93506
121.647 -3.43361 8.50662 -2.01391
121.697 -3.4085 8.53343 -2.05676
121.747 -3.39378 8.51804 -2.11001
121.897 -3.3449 8.52488 -2.24363
121.997 -3.35465 8.55766 -2.19694
122.047 -3.39394 8.57439 -2.18203
122.097 -3.42085 8.59892 -2.13358
122.197 -3.55337 8.6468 -1.947
122.297 -3.55337 8.6468 -1.947
122.347 -3.55337 8.6468 -1.947
122.547 -3.55337 8.6468 -1.947
122.597 -3.62502 8.6756 -1.90672
122.697 -3.75529 8.67301 -1.8269
122.797 -3.85581 8.66127 -1.85675
122.897 -3.91929 8.68243 -1.84092
122.997 -3.92989 8.74929 -1.85637
123.097 -3.98636 8.76868 -1.9316
123.147 -4.02639 8.80492 -1.95717
123.197 -4.0373 8.79283 -1.97852
123.297 -4.05356 8.81063 -1.99765
123.347 -4.05354 8.80911 -2.00937
123.447 -4.01947 8.88367 -1.93357
123.547 -4.04889 8.90743 -1.8473
123.597 -4.04925 8.92616 -1.85701
123.647 -4.11263 8.89398 -1.94255
123.747 -4.18573 8.86184 -2.12153
123.797 -4.24802 8.81908 -2.20932
123.897 -4.31436 8.82136 -2.23402
123.947 -4.3585 8.8173 -2.27843
124.047 -4.37362 8.81375 -2.32414
124.097 -4.39403 8.78254 -2.36033
124.147 -4.38347 8.81595 -2.34078
124.247 -4.38479 8.83684 -2.30277
124.347 -4.39038 8.9016 -2.25424
124.397 -4.42096 8.88622 -2.25748
124.447 -4.39851 8.93162 -2.12237
124.547 -4.45314 8.97156 -2.16413
124.597 -4.47863 9.00835 -2.17564
124.697 -4.53284 9.04485 -2.21733
124.797 -4.54737 9.08704 -2.27314
124.847 -4.59363 9.12672 -2.23174
124.947 -4.6703 9.14857 -2.23176
124.997 -4.69501 9.18218 -2.20728
125.097 -4.75596 9.23559 -2.19953
125.247 -4.75596 9.23559 -2.19953
125.297 -4.81619 9.2247 -2.28836
125.347 -4.85121 9.23894 -2.37237
125.447 -4.85121 9.23894 -2.37237
125.547 -4.91992 9.20518 -2.51038
125.597 -4.9692 9.20055 -2.5547
125.697 -5.04944 9.20654 -2.45261
125.747 -5.16058 9.22441 -2.30872
125.847 -5.16058 9.22441 -2.30872
125.897 -5.21837 9.2306 -2.29957
125.997 -5.31919 9.19995 -2.31422
126.047 -5.37414 9.20983 -2.29244
126.197 -5.37999 9.22129 -2.28212
126.247 -5.37999 9.22129 -2.28212
126.297 -5.40589 9.24973 -2.19831
126.397 -5.40589 9.24973 -2.19831
126.447 -5.46201 9.21421 -2.33552
126.547 -5.58928 9.11765 -2.55091
126.597 -5.64676 9.08587 -2.63449
126.697 -5.75356 9.04943 -2.75318
126.797 -5.81353 9.0453 -2.77414
126.847 -5.91276 9.0376 -2.76232
126.947 -6.03457 9.00659 -2.76906
127.047 -6.14102 8.99249 -2.66374
127.097 -6.18043 8.99619 -2.59825
127.147 -6.22897 8.97147 -2.55441
127.247 -6.22897 8.97147 -2.55441
127.347 -6.34173 8.93521 -2.60225
127.397 -6.40071 8.91576 -2.59318
127.497 -6.40071 8.91576 -2.59318
127.547 -6.45877 8.90408 -2.52983
127.597 -6.51619 8.89983 -2.48312
127.697 -6.51619 8.89983 -2.48312
127.797 -6.51619 8.89983 -2.48312
127.847 -6.57393 8.9167 -2.43052
127.947 -6.57393 8.9167 -2.43052
128.047 -6.57393 8.9167 -2.43052
128.147 -6.60138 8.88767 -2.44418
128.197 -6.60138 8.88767 -2.44418
128.297 -6.60138 8.88767 -2.44418
128.397 -6.60138 8.88767 -2.44418
128.497 -6.60138 8.88767 -2.44418
128.547 -6.60138 8.88767 -2.44418
128.647 -6.62013 8.93758 -2.35063
128.747 -6.62013 8.93758 -2.35063
128.847 -6.67675 8.90358 -2.39211
128.897 -6.79493 8.80412 -2.57814
128.997 -6.94227 8.68249 -2.82745
129.047 -7.0236 8.62465 -2.97404
129.147 -7.16648 8.55191 -3.1037
129.247 -7.28217 8.50259 -3.12854
129.297 -7.34887 8.45054 -3.21367
129.397 -7.46818 8.39187 -3.21852
129.547 -7.44932 8.41028 -3.24497
129.597 -7.44932 8.41028 -3.24497
129.697 -7.51795 8.37803 -3.18659
129.747 -7.56738 8.33567 -3.23528
129.847 -7.63216 8.31024 -3.19067
129.897 -7.67279 8.28642 -3.18017
129.997 -7.71944 8.27066 -3.18441
130.097 -7.73092 8.25474 -3.22017
130.147 -7.79046 8.23908 -3.20177
130.247 -7.83555 8.20808 -3.21634
130.297 -7.83877 8.21076 -3.20034
130.397 -7.85347 8.1659 -3.20189
130.497 -7.87841 8.13621 -3.19182
130.597 -7.839 8.24393 -3.02516
130.697 -7.77015 8.34457 -2.83453
130.797 -7.65938 8.43591 -2.78875
130.897 -7.54749 8.49125 -2.82126
130.947 -7.4979 8.48467 -2.89854
130.997 -7.42336 8.52948 -2.95438
131.097 -7.29634 8.49067 -3.30562
131.197 -7.23801 8.51202 -3.42441
131.247 -7.23801 8.51202 -3.42441
131.347 -7.15863 8.49336 -3.56956
131.397 -7.13011 8.49269 -3.6297
131.497 -7.09002 8.49127 -3.7229
131.597 -7.05241 8.51244 -3.69474
131.697 -6.96886 8.54574 -3.75475
131.747 -6.95069 8.5251 -3.82515
131.847 -6.96143 8.44322 -3.98199
131.947 -7.02895 8.32863 -4.04204
131.997 -7.03659 8.30942 -4.01828
132.097 -7.06936 8.32548 -3.83356
132.197 -7.06752 8.39612 -3.54127
132.297 -7.05515 8.44651 -3.22148
132.397 -6.99126 8.46713 -3.13011
132.447 -6.98122 8.38721 -3.25309
132.547 -6.83582 8.3019 -3.58898
132.647 -6.6246 8.22921 -3.86775
132.697 -6.54793 8.19009 -4.00184
132.747 -6.44403 8.19563 -4.08844
132.847 -6.21216 8.23768 -4.15987
132.947 -5.93751 8.32075 -4.18467
132.997 -5.82644 8.37696 -4.22493
133.097 -5.72475 8.36934 -4.1816
133.197 -5.68287 8.30757 -4.15201
133.297 -5.61953 8.26016 -4.16466
133.397 -5.50113 8.23007 -4.13145
133.497 -5.42913 8.21339 -4.0373
133.547 -5.41748 8.19544 -4.0378
133.647 -5.34645 8.16478 -3.97705
133.747 -5.28703 8.13748 -3.86437
133.797 -5.24194 8.14247 -3.8291
133.847 -5.15591 8.16178 -3.69923
133.947 -5.11054 8.17155 -3.6477
134.047 -5.06453 8.15971 -3.52843
134.147 -5.02017 8.10806 -3.54832
134.197 -4.99292 8.088 -3.57332
134.297 -4.98716 7.96729 -3.66041
134.347 -4.9643 7.94472 -3.65346
134.497 -4.9757 7.95385 -3.64487
134.547 -4.9757 7.95385 -3.64487
134.597 -4.96979 7.95365 -3.60383
134.697 -4.9481 7.93855 -3.53907
134.747 -4.84352 7.95737 -3.52191
134.847 -4.78376 7.97305 -3.50911
134.947 -4.55717 8.00334 -3.60969
135.047 -4.24607 8.02144 -3.84201
135.097 -4.09734 8.01687 -3.97349
135.197 -3.75496 8.06475 -4.22385
135.297 -3.43235 8.05248 -4.46951
135.347 -3.19174 8.01032 -4.65163
135.447 -3.12978 7.97786 -4.70342
135.547 -2.93123 7.98999 -4.76196
135.597 -2.88056 7.97274 -4.77717
135.647 -2.7757 8.02899 -4.74988
135.747 -2.60168 8.12591 -4.6491
135.797 -2.49203 8.22317 -4.49726
135.897 -2.42733 8.18487 -4.6023
135.997 -2.42012 8.13036 -4.68492
136.097 -2.44134 8.06445 -4.75528
136.197 -2.43033 7.97164 -4.88286
136.247 -2.4333 7.9487 -4.86412
136.347 -2.40854 7.97658 -4.83597
136.447 -2.4446 7.99579 -4.76349
136.547 -2.4759 7.98823 -4.73986
136.597 -2.49448 8.0058 -4.70295
136.647 -2.50041 8.00332 -4.67839
136.747 -2.50208 8.00284 -4.68676
136.847 -2.47494 7.93525 -4.79939
136.947 -2.29936 7.91509 -4.91255
136.997 -2.17445 7.92371 -4.94407
137.097 -1.88143 7.92195 -5.08473
137.197 -1.88143 7.92195 -5.08473
137.247 -1.88143 7.92195 -5.08473
137.347 -1.75689 7.89156 -5.1454
137.497 -1.75689 7.89156 -5.1454
137.547 -1.75689 7.89156 -5.1454
137.597 -1.67827 7.80638 -5.26826
137.647 -1.60332 7.74662 -5.37269
137.747 -1.50909 7.67265 -5.44017
137.897 -1.50633 7.67112 -5.43317
137.947 -1.50633 7.67112 -5.43317
138.047 -1.50633 7.67112 -5.43317
138.097 -1.47375 7.61377 -5.48206
138.197 -1.47375 7.61377 -5.48206
138.247 -1.30073 7.56404 -5.53731
138.397 -1.30073 7.56404 -5.53731
138.447 -1.30073 7.56404 -5.53731
138.547 -1.30073 7.56404 -5.53731
138.647 -1.10889 7.51469 -5.53657
138.697 -1.10889 7.51469 -5.53657
138.797 -1.10889 7.51469 -5.53657
138.897 -1.10889 7.51469 -5.53657
138.997 -0.959581 7.45881 -5.53535
139.097 -0.898683 7.26919 -5.73574
139.147 -0.862677 7.18585 -5.84154
139.247 -0.818612 7.01676 -5.99808
139.347 -0.732693 6.92737 -6.08494
139.447 -0.613407 6.88753 -6.09911
139.547 -0.501877 6.89886 -6.06913
139.647 -0.436664 6.88571 -6.06207
139.697 -0.394252 6.89363 -6.0286
139.847 -0.409298 6.89306 -6.02886
139.897 -0.428378 6.86375 -6.02886
139.997 -0.479017 6.83531 -6.03727
140.097 -0.491219 6.83145 -6.00835
140.197 -0.507789 6.8009 -5.98863
140.297 -0.451113 6.78831 -5.97716
140.397 -0.412844 6.78438 -5.99336
140.447 -0.38174 6.75074 -6.00419
140.547 -0.346519 6.71119 -6.0143
140.597 -0.301509 6.68142 -6.04201
140.697 -0.27384 6.67639 -6.05477
140.747 -0.240003 6.68209 -6.057
140.797 -0.226284 6.664 -6.06334
140.897 -0.176871 6.63263 -6.09186
140.997 -0.153579 6.62411 -6.08099
141.097 -0.20293 6.66508 -6.07594
141.147 -0.22888 6.71393 -6.04398
141.247 -0.301039 6.79977 -5.97185
141.347 -0.387939 6.90081 -5.89529
141.397 -0.457138 6.96456 -5.87203
141.497 -0.593901 7.08267 -5.80266
141.597 -0.749215 7.14258 -5.78835
141.647 -0.79239 7.15926 -5.78535
141.747 -0.926217 7.17564 -5.78303
141.847 -1.05237 7.18604 -5.75554
141.997 -1.18048 7.20557 -5.78446
142.097 -1.15882 7.20827 -5.75977
142.147 -1.16537 7.21017 -5.76201
142.247 -1.14388 7.17932 -5.80636
142.297 -1.12364 7.11298 -5.92569
142.347 -1.02192 7.12106 -5.93696
142.497 -0.999234 7.13671 -5.92896
142.547 -0.905287 7.16163 -5.89329
142.647 -0.877359 7.16919 -5.89127
142.747 -0.886742 7.2038 -5.87599
142.847 -0.916776 7.19712 -5.90447
142.947 -0.879405 7.2236 -5.87909
143.047 -0.905566 7.19441 -5.94911
143.097 -0.899542 7.17207 -5.97535
143.197 -0.864458 7.19434 -5.93805
143.297 -0.797776 7.23727 -5.8678
143.397 -0.733833 7.254 -5.84769
143.447 -0.742498 7.25751 -5.84653
143.547 -0.751189 7.19573 -5.89571
143.647 -0.831895 7.17432 -5.93305
143.747 -0.911526 7.17717 -5.93437
143.847 -0.954653 7.28172 -5.82639
143.947 -1.06649 7.28942 -5.77327
144.047 -1.13562 7.2964 -5.74243
144.097 -1.22656 7.34634 -5.68766
144.197 -1.29883 7.37137 -5.64111
144.297 -1.49148 7.36542 -5.62617
144.347 -1.60061 7.37171 -5.60947
144.447 -1.87569 7.38202 -5.55392
144.547 -2.1618 7.43752 -5.4702
144.647 -2.46449 7.41469 -5.41211
144.697 -2.58133 7.42322 -5.36987
144.797 -2.748 7.41975 -5.35602
144.847 -2.81136 7.4046 -5.33911
144.947 -2.90236 7.38632 -5.30579
145.047 -2.92652 7.38167 -5.28317
145.147 -2.88696 7.43975 -5.21565
145.247 -2.79654 7.49446 -5.11804
145.347 -2.70568 7.54207 -5.03319
145.397 -2.67047 7.54554 -5.00602
145.497 -2.61772 7.53847 -4.99157
145.597 -2.61704 7.49271 -5.02046
145.647 -2.60287 7.48005 -5.04003
145.747 -2.59493 7.44499 -5.05689
145.847 -2.58155 7.42275 -5.09724
145.897 -2.59619 7.40781 -5.13774
145.997 -2.59648 7.40272 -5.14779
146.047 -2.56373 7.41659 -5.14706
146.147 -2.52824 7.44191 -5.11459
146.247 -2.47196 7.4511 -5.08702
146.347 -2.43617 7.45113 -5.13652
146.397 -2.42747 7.44712 -5.17823
146.497 -2.38732 7.44369 -5.22032
146.647 -2.41094 7.42984 -5.25945
146.747 -2.24343 7.45192 -5.24263
146.797 -2.18093 7.51683 -5.14818
146.897 -2.02628 7.68351 -4.89509
147.047 -1.99518 7.64716 -4.91419
147.097 -2.01978 7.51687 -5.09771
147.147 -1.96711 7.45355 -5.19355
147.247 -1.92256 7.43588 -5.22395
147.347 -1.85003 7.40884 -5.26443
147.447 -1.82018 7.35465 -5.32804
147.547 -1.79255 7.29901 -5.40605
147.647 -1.7721 7.28253 -5.43136
147.697 -1.75015 7.27804 -5.44465
147.797 -1.68116 7.33545 -5.35509
147.847 -1.65213 7.35319 -5.32036
147.947 -1.62291 7.36193 -5.28922
148.047 -1.60999 7.36459 -5.29214
148.097 -1.63664 7.25947 -5.36316
148.197 -1.59488 7.20835 -5.41226
148.297 -1.54115 7.21892 -5.34028
148.397 -1.48942 7.25789 -5.26792
148.497 -1.41123 7.2861 -5.20463
148.547 -1.41618 7.26404 -5.19202
148.647 -1.33002 7.31551 -5.13719
148.747 -1.23904 7.42867 -4.94589
148.797 -1.09516 7.5048 -4.86416
148.897 -1.06045 7.45925 -4.93529
148.947 -0.976414 7.40647 -5.05284
149.047 -0.976414 7.40647 -5.05284
149.147 -0.976414 7.40647 -5.05284
149.247 -0.976414 7.40647 -5.05284
149.347 -0.976414 7.40647 -5.05284
149.397 -0.976414 7.40647 -5.05284
149.547 -0.843922 7.42414 -5.0654
149.647 -0.754265 7.39075 -5.09682
149.747 -0.71314 7.37239 -5.10812
149.797 -0.602875 7.35036 -5.12268
149.897 -0.523565 7.34354 -5.11997
149.997 -0.523565 7.34354 -5.11997
150.047 -0.484922 7.35054 -5.1121
150.147 -0.425053 7.35969 -5.09823
150.247 -0.436435 7.30224 -5.12151
150.347 -0.436435 7.30224 -5.12151
150.397 -0.47672 7.25426 -5.10564
150.497 -0.47672 7.25426 -5.10564
150.597 -0.369297 7.25307 -5.10863
150.697 -0.267182 7.28319 -5.13463
150.797 -0.267182 7.28319 -5.13463
150.847 -0.293456 7.26337 -5.1357
150.947 -0.227964 7.25025 -5.14043
151.047 -0.138221 7.24422 -5.16269
151.147 -0.058116 7.28202 -5.07634
151.247 0.0834264 7.38309 -4.91292
151.347 0.222333 7.46522 -4.73839
151.397 0.253378 7.47771 -4.69836
151.497 0.212174 7.38663 -4.79695
151.547 0.115974 7.30356 -4.84661
151.597 0.0596588 7.23688 -4.89692
151.747 0.0189639 7.21693 -4.8961
151.797 0.0475342 7.19171 -4.93672
151.947 0.116325 7.24172 -4.90282
151.997 0.0692688 7.1991 -4.94677
152.097 0.0927807 7.17475 -5.02917
152.197 0.116815 7.15632 -5.0774
152.297 0.148445 7.15589 -5.13074
152.397 0.1524 7.14635 -5.17088
152.497 0.215373 7.15337 -5.22898
152.597 0.181285 7.12083 -5.27529
152.697 0.130235 6.97691 -5.45888
152.797 0.086706 6.80007 -5.66274
152.847 0.0329931 6.71628 -5.71997
152.947 0.207076 6.79141 -5.67575
153.047 0.207076 6.79141 -5.67575
153.097 0.242338 6.79626 -5.65181
153.197 0.242338 6.79626 -5.65181
153.297 0.240481 6.7694 -5.67336
153.347 0.277504 6.78161 -5.68128
153.447 0.248764 6.67763 -5.72913
153.547 0.248764 6.67763 -5.72913
153.647 0.248764 6.67763 -5.72913
153.747 0.248764 6.67763 -5.72913
153.847 0.285151 6.63171 -5.74015
153.947 0.335749 6.60957 -5.72471
153.997 0.353378 6.58745 -5.73882
154.147 0.408459 6.5161 -5.76797
154.197 0.451971 6.4696 -5.8148
154.297 0.518034 6.42984 -5.82874
154.397 0.554613 6.41102 -5.80965
154.497 0.653321 6.39824 -5.78652
154.547 0.702261 6.41175 -5.76415
154.647 0.702261 6.41175 -5.76415
154.747 0.7807 6.42078 -5.75696
154.797 0.79586 6.41269 -5.7626
154.897 0.820535 6.39145 -5.78933
154.997 0.870488 6.32874 -5.83797
155.097 0.936317 6.29147 -5.86946
155.197 0.975722 6.26469 -5.88295
155.247 1.00984 6.2121 -5.90475
155.397 1.03253 6.20373 -5.89477
155.497 1.06904 6.22038 -5.87495
155.597 1.0766 6.22426 -5.87687
155.697 1.0766 6.22426 -5.87687
155.747 1.06551 6.20125 -5.87726
155.847 1.07932 6.19175 -5.84769
155.897 1.07657 6.18527 -5.83694
155.997 1.08298 6.17262 -5.81734
156.097 1.10463 6.16704 -5.78834
156.197 1.12697 6.14239 -5.78821
156.297 1.23701 6.08958 -5.81214
156.347 1.29392 6.04942 -5.81184
156.447 1.51507 5.95204 -5.82963
156.547 1.64421 5.82818 -5.86668
156.647 1.71196 5.69311 -5.90004
156.747 1.78178 5.52527 -6.00459
156.847 1.83458 5.39439 -6.0799
156.947 1.93841 5.35064 -6.10241
156.997 1.96966 5.33893 -6.11309
157.097 2.02268 5.30252 -6.11182
157.197 2.09364 5.28251 -6.11374
157.297 2.17738 5.2941 -6.06961
157.347 2.20919 5.30353 -6.03527
157.447 2.30489 5.29154 -6.04209
157.597 2.37851 5.25382 -6.07822
157.647 2.3987 5.23452 -6.10548
157.747 2.38219 5.15644 -6.15922
157.797 2.41725 5.15285 -6.16004
157.947 2.49536 5.18537 -6.08634
158.047 2.53361 5.21051 -6.03002
158.147 2.55072 5.20546 -5.99753
158.247 2.55894 5.18948 -5.95786
158.347 2.57767 5.15132 -5.95759
158.397 2.58635 5.13518 -5.94772
158.497 2.56816 5.10408 -5.93077
158.597 2.5607 5.10837 -5.90676
158.647 2.5566 5.11037 -5.89661
158.747 2.53074 5.16209 -5.86608
158.847 2.42447 5.28142 -5.81082
158.947 2.24447 5.43195 -5.70377
159.047 1.99983 5.59775 -5.52246
159.147 1.83512 5.8521 -5.34053
159.197 1.75069 5.97946 -5.23812
159.297 1.40774 6.19229 -5.04044
159.397 1.40774 6.19229 -5.04044
159.447 1.18465 6.20912 -4.99862
159.547 0.752747 6.21318 -5.02077
159.597 0.752747 6.21318 -5.02077
159.847 0.752747 6.21318 -5.02077
159.997 0.619657 6.27337 -4.91828
160.097 0.551646 6.33328 -4.87011
160.197 0.522524 6.35434 -4.87933
160.297 0.483387 6.33264 -4.9391
160.347 0.46457 6.30591 -4.98018
160.447 0.432365 6.22898 -5.1237
160.497 0.436947 6.1976 -5.17899
160.597 0.486339 6.22461 -5.17441
160.697 0.535062 6.29819 -5.12593
160.847 0.545357 6.31154 -5.12583
160.897 0.567411 6.40621 -5.12853
160.947 0.56205 6.41615 -5.13399
161.047 0.555186 6.42771 -5.18509
161.197 0.577316 6.40345 -5.2512
161.247 0.57565 6.30299 -5.39732
161.397 0.531412 6.20202 -5.54286
161.497 0.493986 6.35418 -5.44175
161.597 0.350567 6.41205 -5.38801
161.647 0.315346 6.46739 -5.36653
161.697 0.266925 6.49763 -5.36749
161.797 0.17136 6.58817 -5.34982
161.897 0.125496 6.60205 -5.41326
161.997 0.145082 6.58361 -5.4806
162.097 0.164324 6.49459 -5.58655
162.197 0.1764 6.37979 -5.73688
162.297 0.143622 6.28851 -5.88012
162.347 0.117744 6.29704 -5.90253
162.397 0.103728 6.33237 -5.90411
162.547 0.105471 6.40236 -5.87957
162.597 0.191589 6.43157 -5.8688
162.697 0.217159 6.42181 -5.87093
162.797 0.249384 6.41411 -5.89996
162.847 0.249822 6.38128 -5.93238
162.947 0.31304 6.39296 -5.9602
163.047 0.331597 6.36844 -5.97043
163.147 0.353241 6.39002 -5.9914
163.197 0.349637 6.40841 -6.00445
163.297 0.216692 6.45749 -5.98622
163.397 -0.116214 6.59124 -5.94349
163.497 -0.243148 6.54783 -5.98366
163.547 -0.321538 6.56097 -5.9649
163.647 -0.37131 6.62046 -5.92212
163.697 -0.373219 6.62544 -5.91666
163.847 -0.315792 6.58041 -5.96666
163.947 -0.298164 6.51712 -6.03224
163.997 -0.282446 6.50683 -6.06349
164.047 -0.285123 6.54151 -6.04171
164.147 -0.320919 6.59142 -6.01797
164.247 -0.394356 6.60951 -6.03422
164.347 -0.498884 6.59934 -6.04771
164.397 -0.554139 6.61626 -6.02928
164.547 -0.567678 6.62415 -6.01449
164.647 -0.567678 6.62415 -6.01449
164.697 -0.603497 6.64187 -6.03705
164.747 -0.628308 6.69752 -6.02241
164.847 -0.589474 6.8049 -6.02339
164.897 -0.604366 6.80578 -6.04269
164.997 -0.635845 6.71098 -6.20685
165.097 -0.719868 6.58506 -6.39008
165.147 -0.762364 6.55366 -6.46648
165.247 -0.844158 6.54953 -6.56263
165.347 -0.941936 6.53926 -6.65208
165.447 -0.962211 6.52405 -6.73495
165.497 -0.955713 6.50868 -6.79474
165.597 -0.895023 6.46988 -6.89784
165.697 -0.800284 6.44114 -6.96117
165.797 -0.787698 6.44377 -6.98129
165.847 -0.77754 6.4891 -6.94203
165.947 -0.82986 6.49851 -6.9355
166.047 -0.897246 6.50284 -6.88409
166.147 -0.994494 6.51503 -6.84894
166.197 -1.01714 6.45869 -6.85041
166.297 -1.09687 6.4057 -6.82883
166.397 -1.14805 6.39956 -6.79041
166.447 -1.09385 6.39008 -6.75086
166.547 -1.01695 6.37583 -6.74441
166.647 -0.945197 6.38986 -6.70368
166.747 -0.992871 6.4469 -6.60601
166.847 -1.13509 6.54461 -6.49802
166.947 -1.21673 6.60216 -6.4392
166.997 -1.3441 6.72782 -6.29607
167.097 -1.32919 6.80809 -6.22737
167.197 -1.28124 6.80769 -6.22597
167.247 -1.24766 6.79159 -6.2406
167.347 -1.17706 6.63384 -6.38086
167.397 -1.11513 6.50824 -6.48123
167.497 -1.102 6.47458 -6.4773
167.597 -1.11511 6.41619 -6.47585
167.697 -1.13103 6.41437 -6.42679
167.797 -1.19908 6.42318 -6.37315
167.847 -1.22795 6.40702 -6.35491
167.947 -1.25784 6.40076 -6.29988
168.047 -1.3034 6.39706 -6.24067
168.097 -1.29809 6.43911 -6.16244
168.147 -1.2828 6.52647 -6.02898
168.247 -1.24756 6.70384 -5.78004
168.347 -1.25763 6.81304 -5.60598
168.447 -1.29767 6.81988 -5.54357
168.597 -1.38542 6.5678 -5.72402
168.597 -1.44711 6.47956 -5.75515
168.697 -1.47094 6.45249 -5.7671
168.797 -1.48773 6.40376 -5.76821
168.897 -1.45869 6.4909 -5.62999
168.997 -1.43389 6.62666 -5.46018
169.047 -1.43616 6.6675 -5.40516
169.147 -1.43258 6.69947 -5.35969
169.197 -1.45067 6.75575 -5.24293
169.297 -1.47167 6.81267 -5.14881
169.347 -1.48768 6.86783 -5.05248
169.497 -1.48055 6.87867 -5.02736
169.497 -1.52269 6.81132 -5.09194
169.597 -1.56582 6.73177 -5.17446
169.697 -1.59563 6.66239 -5.24256
169.797 -1.62491 6.59384 -5.3029
169.847 -1.60625 6.56197 -5.32407
169.997 -1.5826 6.57919 -5.32082
170.047 -1.52682 6.58964 -5.30217
170.147 -1.44925 6.62183 -5.32139
170.247 -1.37918 6.62075 -5.34492
170.347 -1.35073 6.63529 -5.32149
170.397 -1.3526 6.62925 -5.33256
170.497 -1.36293 6.63796 -5.31636
170.547 -1.33978 6.66364 -5.28207
170.647 -1.32507 6.65392 -5.27701
170.797 -1.30573 6.5968 -5.3215
170.847 -1.31279 6.56905 -5.34914
170.947 -1.27095 6.55252 -5.33481
170.997 -1.24468 6.56058 -5.31377
171.097 -1.20639 6.53866 -5.27193
171.197 -1.16907 6.53509 -5.21031
171.247 -1.16609 6.52632 -5.20826
171.347 -1.14224 6.54447 -5.12805
171.447 -1.15834 6.55537 -5.0282
171.547 -1.19322 6.59071 -4.92726
171.647 -1.14829 6.67424 -4.77309
171.747 -1.04989 6.76017 -4.62098
171.797 -1.01695 6.75444 -4.60573
171.897 -0.933654 6.78579 -4.53606
171.997 -0.898294 6.8331 -4.46857
172.047 -0.927901 6.81703 -4.48715
172.147 -0.952525 6.73581 -4.55883
172.247 -0.959806 6.69133 -4.59362
172.347 -0.945526 6.65751 -4.62762
172.447 -0.846012 6.61583 -4.68254
172.497 -0.77767 6.58711 -4.70093
172.597 -0.559538 6.60235 -4.73589
172.647 -0.351508 6.5876 -4.74309
172.797 -0.351508 6.5876 -4.74309
172.897 -0.13143 6.52156 -4.83202
172.997 0.185185 6.4928 -4.86724
173.097 0.185185 6.4928 -4.86724
173.197 0.16919 6.49137 -4.86202
173.347 0.384021 6.4475 -4.94941
173.397 0.437279 6.34006 -5.02724
173.497 0.437279 6.34006 -5.02724
173.597 0.437279 6.34006 -5.02724
173.697 0.437279 6.34006 -5.02724
173.797 0.653467 6.34951 -4.97462
173.897 0.768924 6.35114 -4.94634
173.997 0.811627 6.37064 -4.91914
174.097 0.85658 6.33058 -4.92505
174.197 0.867929 6.34385 -4.90515
174.247 0.88666 6.35428 -4.90749
174.397 0.929096 6.3499 -4.85862
174.447 0.914152 6.32397 -4.85451
174.547 0.83742 6.26961 -4.85988
174.647 0.851085 6.22035 -4.86478
174.697 0.879805 6.1939 -4.85799
174.797 0.879805 6.1939 -4.85799
174.897 1.03894 6.08508 -4.92657
174.947 1.03894 6.08508 -4.92657
175.097 1.17814 5.97939 -4.97799
175.147 1.25345 5.92905 -5.01257
175.247 1.39292 5.81195 -5.08353
175.297 1.47165 5.79195 -5.09072
175.397 1.56574 5.71466 -5.11693
175.497 1.56369 5.65887 -5.1172
175.547 1.56369 5.65887 -5.1172
175.647 1.54154 5.60184 -5.15178
175.747 1.5592 5.55376 -5.18105
175.847 1.60767 5.48116 -5.20339
175.947 1.66683 5.45804 -5.17104
176.047 1.73413 5.42557 -5.13493
176.097 1.76822 5.40371 -5.13188
176.197 1.85746 5.36544 -5.11725
176.247 1.89724 5.34395 -5.11679
176.347 1.92913 5.25743 -5.12927
176.397 1.98998 5.19341 -5.12254
176.497 2.02888 5.18306 -5.10698
176.597 2.08391 5.11037 -5.1128
176.697 2.14692 5.0348 -5.12708
176.797 2.20778 4.96049 -5.14704
176.897 2.28659 4.89263 -5.16149
176.947 2.31803 4.84804 -5.17059
176.997 2.34596 4.80601 -5.17584
177.097 2.40279 4.74004 -5.17861
177.197 2.47051 4.66752 -5.17982
177.297 2.53236 4.60022 -5.17837
177.347 2.55788 4.57545 -5.18714
177.397 2.63552 4.50862 -5.2084
177.497 2.64627 4.47192 -5.22351
177.597 2.70817 4.38575 -5.2787
177.697 2.76021 4.28103 -5.36852
177.797 2.80783 4.14485 -5.47201
177.897 2.83394 3.99458 -5.59657
177.947 2.8458 3.93115 -5.64081
178.047 2.88603 3.79931 -5.71013
178.147 2.9425 3.68509 -5.71853
178.297 2.94294 3.68496 -5.72332
178.397 2.94294 3.68496 -5.72332
178.497 3.02506 3.60482 -5.665
178.597 3.09367 3.56144 -5.65054
178.697 3.04122 3.55544 -5.71826
178.747 2.99311 3.58033 -5.74723
178.897 2.99311 3.58033 -5.74723
178.997 3.08649 3.49428 -5.69185
179.097 3.17759 3.4102 -5.61489
179.147 3.19343 3.33898 -5.62074
179.197 3.21977 3.29771 -5.61303
179.247 3.23361 3.26249 -5.62004
179.297 3.26026 3.25673 -5.59747
179.347 3.26457 3.28863 -5.55083
179.397 3.29655 3.35545 -5.48885
179.447 3.31543 3.42321 -5.4147
179.497 3.3249 3.47645 -5.35992
179.547 3.31143 3.48016 -5.34516
179.597 3.29462 3.40959 -5.38729
179.647 3.2978 3.34521 -5.45009
179.697 3.29892 3.27254 -5.50685
179.747 3.27121 3.18521 -5.56642
179.797 3.26972 3.12876 -5.61061
179.847 3.27808 3.07361 -5.65903
179.897 3.26514 3.03101 -5.68801
179.947 3.26997 3.0106 -5.71421
179.997 3.26703 2.9912 -5.72133
180.047 3.27088 2.96786 -5.73329
180.097 3.26323 2.97019 -5.7379
180.147 3.22841 2.96682 -5.7786
180.197 3.19879 2.96987 -5.81719
180.247 3.16949 2.97305 -5.85277
180.297 3.14993 2.98339 -5.87971
180.347 3.11947 2.97621 -5.92013
180.397 3.0996 2.97598 -5.94998
180.447 3.12099 2.9917 -5.91346
180.497 3.18133 2.99153 -5.87389
180.547 3.25451 3.00791 -5.8292
180.597 3.28818 2.99465 -5.80541
180.647 3.32435 2.98636 -5.80033
180.697 3.32603 2.97046 -5.80471
180.797 3.33404 2.97565 -5.80353
180.797 3.29958 2.94842 -5.89289
180.847 3.29218 2.94524 -5.95556
180.897 3.26248 2.92106 -6.00629
180.947 3.24503 2.90539 -6.04901
180.997 3.22884 2.87779 -6.05661
181.047 3.24529 2.86385 -6.04674
181.097 3.27135 2.84483 -6.03306
181.147 3.30834 2.82805 -6.02966
181.197 3.30623 2.81558 -6.03675
181.247 3.30644 2.83048 -6.07527
181.297 3.2747 2.83266 -6.11011
181.347 3.22261 2.84679 -6.14148
181.397 3.19342 2.85094 -6.20215
181.447 3.16239 2.8311 -6.26771
181.497 3.13545 2.83448 -6.29498
181.547 3.11879 2.80417 -6.31683
181.597 3.14266 2.80007 -6.29675
181.647 3.18558 2.80054 -6.24878
181.697 3.26033 2.79907 -6.20108
181.747 3.3174 2.81311 -6.14147
181.797 3.35096 2.81495 -6.08802
181.847 3.38624 2.81696 -6.04857
181.897 3.40831 2.85428 -6.00556
181.947 3.41803 2.90555 -5.94854
181.997 3.42821 2.95138 -5.91109
182.047 3.44496 2.99073 -5.8814
182.097 3.437 3.00305 -5.8598
182.147 3.43597 2.99544 -5.87376
182.197 3.43525 2.95983 -5.90075
182.247 3.43685 2.87638 -5.95118
182.297 3.41218 2.78915 -5.9909
182.347 3.40096 2.6846 -6.04717
182.397 3.36936 2.61133 -6.08565
182.447 3.31012 2.57914 -6.12614
182.497 3.25882 2.58026 -6.17174
182.547 3.2104 2.60163 -6.21195
182.597 3.1495 2.625 -6.23349
182.647 3.13109 2.65334 -6.2448
182.697 3.1442 2.71717 -6.21992
182.747 3.20074 2.83593 -6.12455
182.797 3.25702 2.94001 -6.01477
182.847 3.30979 3.04323 -5.91956
182.897 3.3522 3.10019 -5.83582
182.947 3.37679 3.05855 -5.83836
182.997 3.36523 2.98122 -5.86567
183.047 3.35575 2.88811 -5.92939
183.147 3.35575 2.88811 -5.92939
183.097 3.03538 2.8026 -6.16022
183.247 3.03538 2.8026 -6.16022
183.447 3.07222 2.81451 -6.13666
183.497 3.07486 2.8048 -6.14429
183.647 3.07209 2.81294 -6.14228
183.697 3.07446 2.81726 -6.14112
183.697 3.07052 2.81435 -6.13899
183.747 3.06332 2.81496 -6.13481
183.797 3.05686 2.81725 -6.12997
183.847 3.05726 2.81327 -6.13125
183.897 3.05283 2.81321 -6.13216
183.947 3.05403 2.8153 -6.13092
183.997 3.03353 2.80712 -6.12522
184.047 3.02728 2.81033 -6.12022
