0.0367048 -0.00141456 0.00146199 0.0012909
0.0867047 -0.0107131 -0.00176574 -0.00112323
0.136705 -0.0188249 0.00179149 -0.00288879
0.186705 -0.0204615 5.5216e-05 -0.00106054
0.236705 -0.0153786 0.00630401 0.00501008
0.286705 -0.0111972 0.00315444 -0.00213701
0.336705 -0.00496918 -0.00169148 0.00439584
0.386705 -0.00693969 0.00282175 0.00763902
0.436705 -0.00786322 0.00133499 0.0223194
0.486705 -0.00331226 0.00974889 0.0164872
0.536705 0.00316031 0.00796334 0.0268643
0.586705 0.00197895 0.0108775 0.0257332
0.636705 0.00197895 0.0108775 0.0257332
0.686705 0.0385368 0.0359974 0.000918573
0.736705 0.0868226 0.0256751 0.0655481
0.786705 0.0967274 0.0277633 0.0715061
0.836705 0.124381 0.0420528 0.0887684
0.886705 0.139824 0.0428067 0.0745115
0.936705 0.16119 0.0397831 0.0760939
0.986705 0.189314 0.0191251 0.0224986
1.0367 0.192764 0.0232797 0.0212791
1.0867 0.187979 0.0229563 0.0160216
1.1367 0.200249 0.0235465 0.0132109
1.1867 0.204103 0.0246016 0.00904926
1.2367 0.208384 0.0249049 0.0135167
1.2867 0.209892 0.0216674 0.0106569
1.3367 0.220932 0.0487504 -0.0177919
1.3867 0.226712 0.0451824 -0.0197371
1.4367 0.224446 0.0395601 -0.0159176
1.4867 0.222473 0.0381793 -0.0173868
1.5367 0.220527 0.0322337 -0.0170989
1.5867 0.21853 0.0285369 -0.0154333
1.6367 0.218192 0.0272317 -0.0207521
1.6867 0.219027 0.0244426 -0.0279052
1.7367 0.218674 0.0199663 -0.0245639
1.7867 0.22353 0.016839 -0.0230976
1.8367 0.219225 0.0220227 -0.0179491
1.8867 0.213351 0.0213951 -0.0201611
1.9367 0.211341 0.0229181 -0.015708
1.9867 0.208045 0.0252522 -0.0122569
2.0367 0.208041 0.023124 -0.0106703
2.0867 0.206762 0.0188646 -0.00568597
2.1367 0.206174 0.0180734 -0.00737216
2.1867 0.201952 0.018099 -0.00623917
2.2367 0.201154 0.0200452 -0.00736849
2.2867 0.199644 0.0196727 -0.00276726
2.3367 0.200106 0.0129234 -0.00576816
2.3867 0.200358 0.00881667 -0.00347817
2.4367 0.203664 0.00559011 -0.000174105
2.4867 0.205319 0.0104623 0.00541833
2.5367 0.208723 0.0109812 -0.0029594
2.5867 0.204286 0.00742268 -0.00283073
2.6367 0.228635 0.0426481 -0.0516602
2.6867 0.23478 0.0363987 -0.052006
2.7367 0.235545 0.0357903 -0.0566884
2.7867 0.246616 0.0322126 -0.0194526
2.8367 0.236901 0.0315016 -0.0243748
2.8867 0.257386 0.0262754 -0.0192815
2.9367 0.252608 0.0250714 -0.0238621
2.9867 0.255678 0.0232565 -0.0237111
3.0367 0.25314 0.0244512 -0.0171142
3.0867 0.254061 0.0251482 -0.0243332
3.1367 0.260007 0.0235907 -0.0303928
3.1867 0.260007 0.0235907 -0.0303928
3.2367 0.263579 0.0293618 -0.0254918
3.2867 0.271179 0.035253 -0.0161466
3.3367 0.272984 0.0360406 -0.0147529
3.3867 0.271491 0.0313159 -0.0125854
3.4367 0.295847 0.0148534 0.0114075
3.4867 0.301068 0.0159165 0.0420693
3.5367 0.301315 0.0125818 0.0479195
3.5867 0.283932 -0.00266205 0.0648676
3.6367 0.283263 0.00403379 0.0460503
3.6867 0.30765 -0.0121675 0.0473022
3.7367 0.308441 -0.0117234 0.0474783
3.7867 0.305282 -0.0162404 0.0469084
3.8367 0.310061 -0.0214463 0.047994
3.8867 0.307563 -0.0290917 0.0469371
3.9367 0.299659 -0.0318643 0.0433657
3.9867 0.30565 -0.0376179 -0.00515042
4.0367 0.305593 -0.0408306 -0.00854077
4.0867 0.303885 -0.0418408 -0.00940146
4.1367 0.311378 -0.0435482 -0.0117078
4.1867 0.315673 -0.0544853 -0.0251199
4.2367 0.319269 -0.0284029 -0.0131077
4.2867 0.320372 -0.034226 -0.0225738
4.3367 0.318483 -0.0369628 -0.0247212
4.3867 0.315679 -0.0429076 -0.0281378
4.4367 0.320199 -0.0393212 -0.0300109
4.4867 0.324935 -0.00712615 -0.0924128
4.5367 0.344602 0.0202303 -0.110544
4.5867 0.364283 0.036546 -0.100003
4.6367 0.355536 0.0336214 -0.0963388
4.6867 0.377016 0.059413 -0.0916902
4.7367 0.388298 0.100387 -0.0547334
4.7867 0.404392 0.109686 -0.0590234
4.8367 0.411635 0.127332 0.00863735
4.8867 0.41135 0.122601 0.00598751
4.9367 0.41135 0.122601 0.00598751
4.9867 0.468233 0.13425 0.0440357
5.0367 0.514818 0.163496 0.0194251
5.0867 0.5462 0.157956 0.0611567
5.1367 0.596865 0.158855 0.0892395
5.1867 0.596865 0.158855 0.0892395
5.2367 0.645146 0.139319 0.134426
5.2867 0.648397 0.127832 0.131742
5.3367 0.693762 0.152001 0.15963
5.3867 0.742856 0.159389 0.1971
5.4367 0.759758 0.149393 0.260619
5.4867 0.843767 0.166845 0.336561
5.5367 0.887174 0.175049 0.336953
5.5867 0.962164 0.181039 0.393329
5.6367 0.989792 0.168264 0.375784
5.6867 1.03128 0.21455 0.424276
5.7367 1.02367 0.195667 0.44971
5.7867 1.05828 0.234983 0.393938
5.8367 1.08664 0.258433 0.342438
5.8867 1.10514 0.269007 0.289654
5.9367 1.1106 0.273284 0.274977
5.9867 1.15025 0.285302 0.254323
6.0367 1.14407 0.282033 0.240685
6.0867 1.16745 0.287918 0.263069
6.1367 1.16745 0.287918 0.263069
6.1867 1.21876 0.292506 0.29057
6.2367 1.24751 0.317479 0.323521
6.2867 1.24894 0.315442 0.322818
6.3367 1.27397 0.30815 0.316151
6.3867 1.28637 0.309179 0.300823
6.4367 1.34936 0.327948 0.30399
6.4867 1.34936 0.327948 0.30399
6.5367 1.39973 0.348248 0.345942
6.5867 1.42911 0.345528 0.356551
6.6367 1.42911 0.345528 0.356551
6.6867 1.4548 0.340612 0.353067
6.7367 1.48701 0.372254 0.350031
6.7867 1.53293 0.378972 0.341413
6.8367 1.56854 0.374212 0.338747
6.8867 1.62345 0.35909 0.362004
6.9367 1.62345 0.35909 0.362004
6.9867 1.67996 0.384386 0.39712
7.0367 1.67996 0.384386 0.39712
7.0867 1.67996 0.384386 0.39712
7.1367 1.70015 0.406309 0.399583
7.1867 1.7872 0.407015 0.451839
7.2367 1.7872 0.407015 0.451839
7.2867 1.847 0.409918 0.616711
7.3367 1.83854 0.386319 0.638551
7.3867 1.83624 0.393462 0.657554
7.4367 1.88728 0.428164 0.694372
7.4867 1.97139 0.426815 0.732298
7.5367 1.97139 0.426815 0.732298
7.5867 1.97139 0.426815 0.732298
7.6367 1.94488 0.438846 0.755917
7.6867 1.98844 0.435142 0.765368
7.7367 1.98844 0.435142 0.765368
7.7867 2.02838 0.455283 0.809177
7.8367 2.01211 0.450077 0.797168
7.8867 2.03526 0.49048 0.805464
7.9367 2.03717 0.494402 0.811705
7.9867 2.07537 0.505043 0.835514
8.0367 2.1151 0.502699 0.860678
8.0867 2.11301 0.538414 0.86122
8.1367 2.10834 0.567958 0.914841
8.1867 2.09476 0.599706 0.924842
8.2367 2.06579 0.627369 0.949432
8.2867 2.06579 0.627369 0.949432
8.3367 2.05531 0.664827 0.956214
8.3867 2.04794 0.727121 0.973791
8.4367 2.0397 0.773265 0.974093
8.4867 2.02787 0.816206 0.990298
8.5367 2.03824 0.829328 1.01362
8.5867 2.01848 0.777089 1.26125
8.6367 2.01848 0.777089 1.26125
8.6867 2.00685 0.829265 1.2527
8.7367 2.01697 0.855061 1.26538
8.7867 2.00169 0.876696 1.28255
8.8367 2.059 0.902558 1.30683
8.8867 1.93241 0.941633 1.30163
8.9367 1.93241 0.941633 1.30163
8.9867 1.93241 0.941633 1.30163
9.0367 1.90089 0.976935 1.30263
9.0867 1.90089 0.976935 1.30263
9.1367 1.92136 1.00419 1.32335
9.1867 1.8576 1.03238 1.33776
9.2367 1.8576 1.03238 1.33776
9.2867 1.91787 1.07023 1.35777
9.3367 1.91787 1.07023 1.35777
9.3867 1.92585 1.07676 1.38912
9.4367 1.92585 1.07676 1.38912
9.4867 1.93134 1.09891 1.40155
9.5367 1.93134 1.09891 1.40155
9.5867 1.93134 1.09891 1.40155
9.6367 1.86298 1.08319 1.4022
9.6867 1.88168 1.1188 1.44816
9.7367 1.98079 1.15839 1.49113
9.7867 1.97865 1.16116 1.51895
9.8367 2.00342 1.19448 1.52586
9.8867 1.95368 1.18974 1.54197
9.9367 1.94316 1.17907 1.55742
9.9867 1.89844 1.17899 1.56185
10.0367 1.88417 1.19141 1.57575
10.0867 1.94893 1.21372 1.59591
10.1367 1.97458 1.23052 1.60972
10.1867 1.99397 1.24318 1.63729
10.2367 2.00395 1.26372 1.64677
10.2867 2.00443 1.27853 1.64112
10.3367 1.99006 1.28095 1.63026
10.3867 1.91874 1.27894 1.60119
10.4367 1.97512 1.29211 1.6181
10.4867 1.95664 1.27816 1.62814
10.5367 2.05342 1.29728 1.65015
10.5867 1.99544 1.2675 1.65297
10.6367 1.99375 1.25434 1.66378
10.6867 1.98801 1.24011 1.65343
10.7367 2.01322 1.229 1.64738
10.7867 2.11543 1.23189 1.64431
10.8367 2.13313 1.2165 1.63766
10.8867 2.14659 1.19749 1.62535
10.9367 2.15925 1.15968 1.6331
10.9867 2.27498 1.13168 1.65378
11.0367 2.32684 1.12006 1.65683
11.0867 2.3113 1.11557 1.65066
11.1367 2.26841 1.11117 1.64848
11.1867 2.26841 1.11117 1.64848
11.2367 2.26841 1.11117 1.64848
11.2867 2.16213 1.07969 1.65854
11.3367 2.13067 1.08136 1.66126
11.3867 2.11515 1.07903 1.66167
11.4367 2.1058 1.07974 1.67108
11.4867 2.09316 1.07575 1.68804
11.5367 2.08138 1.07172 1.71081
11.5867 2.08138 1.07172 1.71081
11.6367 2.08138 1.07172 1.71081
11.6867 2.0752 1.08471 1.7348
11.7367 2.03933 1.08637 1.7751
11.7867 2.01094 1.10252 1.80297
11.8367 1.96563 1.11799 1.81138
11.8867 1.98337 1.11674 1.84826
11.9367 1.9811 1.08212 1.899
11.9867 1.94634 1.06415 1.89509
12.0367 2.00145 1.05747 1.9148
12.0867 1.96895 1.0526 1.9072
12.1367 1.99676 1.05209 1.91365
12.1867 1.99722 1.04813 1.92563
12.2367 2.01487 1.04595 1.94994
12.2867 1.97412 1.04855 1.95915
12.3367 1.92995 1.04866 1.97095
12.3867 1.90411 1.04503 1.98854
12.4367 1.89467 1.05719 2.01437
12.4867 1.87061 1.07036 2.02756
12.5367 1.85235 1.08648 2.04313
12.5867 1.82811 1.12108 2.04533
12.6367 1.81537 1.15865 2.04191
12.6867 1.79454 1.19434 2.0406
12.7367 1.81005 1.22719 2.04767
12.7867 1.77564 1.25354 2.0413
12.8367 1.77005 1.24763 2.06075
12.8867 1.82239 1.24366 2.09935
12.9367 1.82814 1.24232 2.11151
12.9867 1.75852 1.24823 2.09713
13.0367 1.74356 1.25667 2.1105
13.0867 1.71301 1.26551 2.11088
13.1367 1.68366 1.28529 2.11449
13.1867 1.67639 1.31347 2.12334
13.2367 1.69088 1.34657 2.14303
13.2867 1.72774 1.34597 2.19381
13.3367 1.70406 1.34129 2.21838
13.3867 1.70406 1.34129 2.21838
13.4367 1.70406 1.34129 2.21838
13.4867 1.74909 1.38462 2.26976
13.5367 1.72847 1.3955 2.26513
13.5867 1.72847 1.3955 2.26513
13.6367 1.73167 1.41303 2.26891
13.6867 1.70072 1.42516 2.26758
13.7367 1.68569 1.43613 2.27873
13.7867 1.66389 1.45117 2.2908
13.8367 1.61285 1.45588 2.30793
13.8867 1.5733 1.46261 2.33562
13.9367 1.52926 1.46695 2.35613
13.9867 1.49008 1.46627 2.37744
14.0367 1.43716 1.46235 2.38989
14.0867 1.42018 1.45202 2.40685
14.1367 1.40002 1.42581 2.43112
14.1867 1.3712 1.40587 2.44711
14.2367 1.31715 1.38584 2.45942
14.2867 1.25019 1.37058 2.46123
14.3367 1.19214 1.36231 2.46816
14.3867 1.09553 1.35939 2.45942
14.4367 1.0278 1.36595 2.46528
14.4867 0.954944 1.38139 2.47587
14.5367 0.849851 1.39519 2.47358
14.5867 0.734498 1.41157 2.47689
14.6367 0.611266 1.43232 2.45413
14.6867 0.453777 1.42834 2.43145
14.7367 0.359805 1.43185 2.43758
14.7867 0.269645 1.42316 2.44235
14.8367 0.188979 1.40786 2.44423
14.8867 0.171365 1.41999 2.46031
14.9367 0.155015 1.43809 2.46517
14.9867 0.112952 1.45561 2.45925
15.0367 0.0856826 1.45616 2.45581
15.0867 0.0617496 1.45125 2.45284
15.1367 0.0574146 1.45254 2.45493
15.1867 0.0554348 1.463 2.46227
15.2367 0.0397743 1.45937 2.46029
15.2867 0.021977 1.45392 2.45982
15.3367 0.0240047 1.45906 2.46433
15.3867 0.0177585 1.46213 2.47088
15.4367 -0.00798445 1.47768 2.45416
15.4867 -0.0183835 1.49518 2.45428
15.5367 -0.0212569 1.51847 2.44939
15.5867 -0.0160085 1.55836 2.44628
15.6367 -0.0125652 1.58782 2.44484
15.6867 -0.0283641 1.59232 2.43773
15.7367 -0.0350619 1.60924 2.43331
15.7867 -0.0319148 1.62745 2.43328
15.8367 -0.0410018 1.65142 2.42804
15.8867 -0.0430504 1.67393 2.42209
15.9367 -0.0314202 1.69234 2.42789
15.9867 -0.040194 1.70904 2.42416
16.0367 -0.0656974 1.71816 2.4135
16.0867 -0.069088 1.72253 2.4149
16.1367 -0.0686176 1.73983 2.42417
16.1867 -0.0874554 1.75081 2.41423
16.2367 -0.0930964 1.7529 2.41846
16.2867 -0.100581 1.7563 2.42395
16.3367 -0.104761 1.76252 2.42394
16.3867 -0.099616 1.76179 2.43396
16.4367 -0.0830577 1.77843 2.44441
16.4867 -0.088331 1.7709 2.44695
16.5367 -0.129102 1.75842 2.43117
16.5867 -0.141809 1.7435 2.42901
16.6367 -0.158818 1.73984 2.42233
16.6867 -0.16902 1.73051 2.42145
16.7367 -0.188496 1.72462 2.41899
16.7867 -0.200231 1.72746 2.42308
16.8367 -0.231725 1.71499 2.41445
16.8867 -0.228362 1.72074 2.41626
16.9367 -0.228667 1.72065 2.41775
16.9867 -0.240583 1.70391 2.42144
17.0367 -0.248087 1.69417 2.4214
17.0867 -0.249296 1.67497 2.43562
17.1367 -0.234312 1.66476 2.45526
17.1867 -0.246205 1.65111 2.46986
17.2367 -0.28901 1.63421 2.46574
17.2867 -0.304741 1.62045 2.49473
17.3367 -0.340795 1.59359 2.50571
17.3867 -0.386966 1.58129 2.50933
17.4367 -0.423114 1.5718 2.5199
17.4867 -0.461185 1.55213 2.5334
17.5367 -0.486514 1.52694 2.55166
17.5867 -0.502558 1.50683 2.57143
17.6367 -0.527939 1.48194 2.58717
17.6867 -0.54905 1.44315 2.62041
17.7367 -0.595338 1.39584 2.63189
17.7867 -0.620211 1.35 2.66072
17.8367 -0.644135 1.3199 2.68295
17.8867 -0.673971 1.28629 2.70165
17.9367 -0.69752 1.25873 2.72105
17.9867 -0.709891 1.24879 2.74106
18.0367 -0.744513 1.23401 2.74531
18.0867 -0.754545 1.21861 2.7658
18.1367 -0.780232 1.21852 2.76263
18.1867 -0.784033 1.22583 2.7777
18.2367 -0.784008 1.21673 2.80117
18.2867 -0.793302 1.21612 2.81347
18.3367 -0.810989 1.21307 2.82214
18.3867 -0.820826 1.20276 2.84723
18.4367 -0.839427 1.21798 2.85033
18.4867 -0.850858 1.25658 2.85555
18.5367 -0.880738 1.30105 2.84125
18.5867 -0.905847 1.35662 2.82586
18.6367 -0.923102 1.38174 2.82755
18.6867 -0.947542 1.40647 2.82313
18.7367 -0.966235 1.43307 2.82472
18.7867 -0.985329 1.455 2.81726
18.8367 -1.01393 1.48281 2.80118
18.8867 -1.0391 1.52062 2.78276
18.9367 -1.06809 1.56358 2.75433
18.9867 -1.0869 1.60124 2.74052
19.0367 -1.10784 1.66089 2.70892
19.0867 -1.13694 1.7131 2.67004
19.1367 -1.16195 1.75956 2.62797
19.1867 -1.19355 1.8064 2.5875
19.2367 -1.24134 1.84309 2.53656
19.2867 -1.2681 1.90138 2.49637
19.3367 -1.31588 1.95993 2.43891
19.3867 -1.34272 2.00756 2.39264
19.4367 -1.37283 2.05913 2.34552
19.4867 -1.39592 2.08949 2.29967
19.5367 -1.40116 2.12998 2.25901
19.5867 -1.39414 2.14549 2.2411
19.6367 -1.35853 2.17753 2.25726
19.6867 -1.34364 2.1809 2.27039
19.7367 -1.32534 2.18714 2.27719
19.7867 -1.29891 2.19436 2.30151
19.8367 -1.26816 2.20845 2.32038
19.8867 -1.23539 2.22242 2.34341
19.9367 -1.20852 2.22804 2.36843
19.9867 -1.18502 2.23437 2.40293
20.0367 -1.17371 2.25617 2.40667
20.0867 -1.16561 2.26815 2.41521
20.1367 -1.14107 2.29639 2.42998
20.1867 -1.09656 2.32523 2.45124
20.2367 -1.07866 2.34664 2.46246
20.2867 -1.06986 2.37842 2.45859
20.3367 -1.10868 2.41272 2.40931
20.3867 -1.10226 2.44128 2.4036
20.4367 -1.09223 2.47381 2.39253
20.4867 -1.0828 2.50893 2.38123
20.5367 -1.08368 2.5429 2.361
20.5867 -1.08032 2.57574 2.33147
20.6367 -1.07658 2.60352 2.30718
20.6867 -1.04508 2.65361 2.3038
20.7367 -1.02834 2.69204 2.27703
20.7867 -0.989692 2.72725 2.28213
20.8367 -0.910119 2.76467 2.31497
20.8867 -0.849165 2.80624 2.33949
20.9367 -0.800248 2.81066 2.35048
20.9867 -0.766364 2.85441 2.32081
21.0367 -0.708578 2.90657 2.30823
21.0867 -0.661316 2.96542 2.26946
21.1367 -0.621708 2.99641 2.2281
21.1867 -0.554451 3.05096 2.19661
21.2367 -0.458469 3.11497 2.16853
21.2867 -0.405709 3.07629 2.11333
21.3367 -0.292013 3.14552 2.08423
21.3867 -0.208773 3.18911 2.02498
21.4367 -0.115544 3.22939 1.98705
21.4867 -0.0220397 3.26683 1.95465
21.5367 0.065994 3.31448 1.91492
21.5867 0.156811 3.3519 1.87512
21.6367 0.225641 3.39203 1.82941
21.6867 0.300443 3.43549 1.78993
21.7367 0.364677 3.46301 1.74809
21.7867 0.445428 3.47595 1.73945
21.8367 0.503943 3.49487 1.71374
21.8867 0.576474 3.50433 1.69218
21.9367 0.662696 3.50995 1.68025
21.9867 0.773893 3.51555 1.67196
22.0367 0.893101 3.51491 1.64801
22.0867 1.01412 3.52889 1.62333
22.1367 1.12209 3.52744 1.59859
22.1867 1.24311 3.54322 1.56033
22.2367 1.33458 3.55577 1.50913
22.2867 1.4278 3.55486 1.48253
22.3367 1.49627 3.55551 1.45565
22.3867 1.56947 3.56042 1.43069
22.4367 1.6671 3.55523 1.42338
22.4867 1.75874 3.53636 1.43547
22.5367 1.8516 3.50839 1.44997
22.5867 1.88879 3.4855 1.42966
22.6367 1.91929 3.45947 1.42241
22.6867 1.94861 3.43158 1.40846
22.7367 1.97176 3.40915 1.39021
22.7867 1.9974 3.39886 1.35175
22.8367 1.9974 3.39886 1.35175
22.8867 2.04541 3.41687 1.30897
22.9367 2.14957 3.44281 1.29963
22.9867 2.19552 3.44501 1.21459
23.0367 2.23797 3.42124 1.13569
23.0867 2.27549 3.41235 1.09674
23.1367 2.36707 3.40124 1.08178
23.1867 2.43134 3.38713 1.06524
23.2367 2.47763 3.38129 1.06129
23.2867 2.57984 3.40824 1.0532
23.3367 2.58916 3.41995 1.03322
23.3867 2.58804 3.42704 1.01257
23.4367 2.60449 3.43974 0.993092
23.4867 2.61542 3.46281 0.970752
23.5367 2.63452 3.48234 0.98767
23.5867 2.65929 3.49635 0.972119
23.6367 2.67897 3.50044 0.952552
23.6867 2.72728 3.4877 0.934161
23.7367 2.77828 3.4555 0.902944
23.7867 2.86998 3.4185 0.897566
23.8367 2.93557 3.3728 0.838043
23.8867 3.01991 3.32252 0.785409
23.9367 3.18263 3.26014 0.743083
23.9867 3.25215 3.20401 0.712603
24.0367 3.31782 3.15111 0.675957
24.0867 3.35249 3.11555 0.627772
24.1367 3.41443 3.07783 0.581731
24.1867 3.47524 3.05394 0.537974
24.2367 3.53387 3.01302 0.517209
24.2867 3.57508 2.97483 0.475636
24.3367 3.63014 2.93966 0.4619
24.3867 3.63014 2.93966 0.4619
24.4367 3.68644 2.90023 0.46665
24.4867 3.72153 2.86412 0.491214
24.5367 3.74825 2.8333 0.535156
24.5867 3.71676 2.80522 0.603102
24.6367 3.72041 2.78786 0.687974
24.6867 3.77792 2.76781 0.739131
24.7367 3.79316 2.74541 0.770672
24.7867 3.78953 2.76918 0.744515
24.8367 3.77858 2.77451 0.673129
24.8867 3.80007 2.77409 0.573483
24.9367 3.82937 2.76561 0.480357
24.9867 3.8336 2.75482 0.402671
25.0367 3.8545 2.73899 0.326672
25.0867 3.87025 2.70967 0.277377
25.1367 3.92413 2.70409 0.221139
25.1867 3.93644 2.70848 0.165182
25.2367 3.95357 2.71963 0.110388
25.2867 3.97074 2.73461 0.0635343
25.3367 4.0302 2.73381 0.0502669
25.3867 4.04931 2.7563 0.0459677
25.4367 4.0676 2.77014 0.0418897
25.4867 4.05647 2.77564 0.0408048
25.5367 4.09354 2.74829 0.046242
25.5867 4.18525 2.68733 0.085598
25.6367 4.25959 2.59959 0.121258
25.6867 4.31849 2.52037 0.12479
25.7367 4.3893 2.43591 0.118658
25.7867 4.47398 2.33811 0.109174
25.8367 4.50452 2.26771 0.109787
25.8867 4.54842 2.19995 0.111613
25.9367 4.60403 2.10037 0.0951202
25.9867 4.69739 1.98781 0.096436
26.0367 4.8212 1.84025 0.0867728
26.0867 4.83062 1.74914 0.0900349
26.1367 4.83062 1.74914 0.0900349
26.1867 4.97721 1.50275 -0.0126981
26.2367 4.99769 1.39606 -0.0161709
26.2867 4.99505 1.28168 -0.018034
26.3367 4.96962 1.17195 -0.0225506
26.3867 4.97012 1.04091 0.00232719
26.4367 4.98938 0.922826 0.00235724
26.4867 4.94906 0.804263 0.0221288
26.5367 4.92782 0.693748 0.0437495
26.5867 4.89089 0.576958 0.0451931
26.6367 4.88782 0.441079 0.0610064
26.6867 4.91029 0.331422 0.06117
26.7367 4.87609 0.241311 0.0750351
26.7867 4.85053 0.173276 0.121135
26.8367 4.85053 0.173276 0.121135
26.8867 4.84717 0.146533 0.162571
26.9367 4.81301 0.13109 0.210561
26.9867 4.75901 0.111838 0.229689
27.0367 4.71692 0.0911131 0.24647
27.0867 4.70008 0.0603761 0.251211
27.1367 4.67981 0.053224 0.282901
27.1867 4.66071 0.0484934 0.280607
27.2367 4.64788 0.0504158 0.30389
27.2867 4.64788 0.0504158 0.30389
27.3367 4.6682 0.0536534 0.307899
27.3867 4.65195 0.0726538 0.33508
27.4367 4.6336 0.0943348 0.328057
27.4867 4.6336 0.0943348 0.328057
27.5367 4.66185 0.109118 0.375035
27.5867 4.64899 0.143917 0.374036
27.6367 4.646 0.169615 0.378539
27.6867 4.646 0.169615 0.378539
27.7367 4.66838 0.200369 0.402857
27.7867 4.65291 0.231389 0.418144
27.8367 4.65251 0.259855 0.454337
27.8867 4.62984 0.28832 0.506511
27.9367 4.63579 0.315711 0.510348
27.9867 4.66345 0.316064 0.529424
28.0367 4.70111 0.314883 0.534999
28.0867 4.70111 0.314883 0.534999
28.1367 4.69639 0.296613 0.504192
28.1867 4.69639 0.296613 0.504192
28.2367 4.70151 0.265615 0.450692
28.2867 4.68968 0.251769 0.358286
28.3367 4.73882 0.227195 0.28688
28.3867 4.73447 0.229553 0.249018
28.4367 4.72585 0.245513 0.229739
28.4867 4.74699 0.261988 0.217217
28.5367 4.75815 0.274621 0.198832
28.5867 4.7823 0.279939 0.171554
28.6367 4.79178 0.271767 0.126185
28.6867 4.81798 0.265985 0.0929007
28.7367 4.81798 0.265985 0.0929007
28.7867 4.82495 0.266131 0.0599135
28.8367 4.82325 0.274949 0.0359363
28.8867 4.81074 0.299883 0.0280682
28.9367 4.82046 0.298445 -0.0171882
28.9867 4.87513 0.281196 -0.0761877
29.0367 4.86644 0.293156 -0.0786452
29.0867 4.86644 0.293156 -0.0786452
29.1367 4.8684 0.282153 -0.0950593
29.1867 4.89274 0.261692 -0.10185
29.2367 4.91032 0.245356 -0.113893
29.2867 4.9416 0.221624 -0.130307
29.3367 4.96027 0.215584 -0.150136
29.3867 4.97107 0.203076 -0.189211
29.4367 4.97866 0.177162 -0.226837
29.4867 4.98415 0.154018 -0.271324
29.5367 4.99915 0.134418 -0.303128
29.5867 5.01595 0.11054 -0.323236
29.6367 5.01255 0.0507034 -0.339887
29.6867 5.0031 -0.00886327 -0.42956
29.7367 5.00567 -0.0919055 -0.450951
29.7867 5.00567 -0.0919055 -0.450951
29.8367 5.00011 -0.186896 -0.445288
29.8867 4.96076 -0.30562 -0.516545
29.9367 4.94222 -0.436599 -0.540586
29.9867 4.92735 -0.558611 -0.473465
30.0367 4.92735 -0.558611 -0.473465
30.0867 4.93582 -0.67772 -0.416599
30.1367 4.96027 -0.813237 -0.382812
30.1867 5.01085 -0.920864 -0.129545
30.2367 4.97054 -1.02896 -0.173368
30.2867 4.96176 -1.15707 0.0364056
30.3367 4.93542 -1.28252 0.133148
30.3867 4.93542 -1.28252 0.133148
30.4367 4.93542 -1.28252 0.133148
30.4867 4.87495 -1.50238 0.207446
30.5367 4.84947 -1.62862 0.176307
30.5867 4.84947 -1.62862 0.176307
30.6367 4.72986 -1.78087 0.287739
30.6867 4.72986 -1.78087 0.287739
30.7367 4.72986 -1.78087 0.287739
30.7867 4.72986 -1.78087 0.287739
30.8367 4.72986 -1.78087 0.287739
30.8867 4.60414 -1.96152 0.376081
30.9367 4.60414 -1.96152 0.376081
30.9867 4.60414 -1.96152 0.376081
31.0367 4.61891 -1.97676 0.322951
31.0867 4.61891 -1.97676 0.322951
31.1367 4.61891 -1.97676 0.322951
31.1867 4.61891 -1.97676 0.322951
31.2367 4.61891 -1.97676 0.322951
31.2867 4.64365 -1.93362 0.332771
31.3367 4.57069 -2.07505 0.272979
31.3867 4.58419 -2.09185 0.0865091
31.4367 4.59007 -2.09966 0.0739058
31.4867 4.59007 -2.09966 0.0739058
31.5367 4.58843 -2.10225 0.0313429
31.5867 4.5809 -2.14403 0.0558606
31.6367 4.5233 -2.22689 0.0740373
31.6867 4.5233 -2.22689 0.0740373
31.7367 4.51776 -2.24296 0.123886
31.7867 4.41233 -2.38571 0.101885
31.8367 4.26599 -2.53617 0.190972
31.8867 4.27342 -2.56534 0.132431
31.9367 4.26504 -2.59242 0.120559
31.9867 4.26504 -2.59242 0.120559
32.0367 4.28123 -2.60411 0.168929
32.0867 4.27213 -2.63302 0.163491
32.1367 4.26365 -2.66591 0.189627
32.1867 4.26365 -2.66591 0.189627
32.2367 4.26365 -2.66591 0.189627
32.2867 4.30891 -2.6746 0.298241
32.3367 4.30891 -2.6746 0.298241
32.3867 4.30891 -2.6746 0.298241
32.4367 4.16347 -2.76294 0.129607
32.4867 4.16347 -2.76294 0.129607
32.5367 4.22173 -2.77592 0.226276
32.5867 4.22173 -2.77592 0.226276
32.6367 4.29572 -2.74711 0.2263
32.6867 4.47409 -2.57691 -0.362276
32.7367 4.61222 -2.4401 -0.320447
32.7867 4.61222 -2.4401 -0.320447
32.8367 4.61222 -2.4401 -0.320447
32.8867 4.61222 -2.4401 -0.320447
32.9367 4.61222 -2.4401 -0.320447
32.9867 4.69107 -2.40796 -0.303877
33.0367 4.69107 -2.40796 -0.303877
33.0867 4.67457 -2.44312 -0.262679
33.1367 4.75974 -2.35175 -0.188414
33.1867 4.75974 -2.35175 -0.188414
33.2367 4.75974 -2.35175 -0.188414
33.2867 4.92043 -2.18921 -0.117656
33.3367 5.02499 -2.0379 -0.0130509
33.3867 5.02499 -2.0379 -0.0130509
33.4367 5.13209 -1.85305 0.0783114
33.4867 5.13209 -1.85305 0.0783114
33.5367 5.20842 -1.69762 0.159347
33.5867 5.33495 -1.48985 0.21537
33.6367 5.39993 -1.32076 0.257672
33.6867 5.44346 -1.15266 0.261033
33.7367 5.47678 -0.991575 0.263926
33.7867 5.51339 -0.822233 0.231654
33.8367 5.5499 -0.675075 0.12813
33.8867 5.54903 -0.493738 0.0571984
33.9367 5.5713 -0.336696 -0.0235004
33.9867 5.60016 -0.200273 -0.106019
34.0367 5.62536 -0.0751992 -0.207593
34.0867 5.64697 0.0292656 -0.315517
34.1367 5.65765 0.137211 -0.426131
34.1867 5.67965 0.242156 -0.503015
34.2367 5.70658 0.349426 -0.550499
34.2867 5.73351 0.459515 -0.585154
34.3367 5.75706 0.569232 -0.606665
34.3867 5.76933 0.712442 -0.628358
34.4367 5.77902 0.856146 -0.660995
34.4867 5.79195 0.99761 -0.689084
34.5367 5.79386 1.14505 -0.733652
34.5867 5.79115 1.28691 -0.761123
34.6367 5.7809 1.42743 -0.774561
34.6867 5.79659 1.55648 -0.768547
34.7367 5.79272 1.68984 -0.766168
34.7867 5.76739 1.82338 -0.753716
34.8367 5.72547 1.94622 -0.756077
34.8867 5.70884 2.05006 -0.735897
34.9367 5.67229 2.15662 -0.737857
34.9867 5.65773 2.26274 -0.718075
35.0367 5.63466 2.35237 -0.703223
35.0867 5.61334 2.41516 -0.749768
35.1367 5.58616 2.47669 -0.72834
35.1867 5.57292 2.51294 -0.701988
35.2367 5.56377 2.53849 -0.682788
35.2867 5.55232 2.55295 -0.66692
35.3367 5.54138 2.56152 -0.64421
35.3867 5.53926 2.5693 -0.636485
35.4367 5.53758 2.56675 -0.635307
35.4867 5.54365 2.56146 -0.633175
35.5367 5.52677 2.56962 -0.615779
35.5867 5.52143 2.56982 -0.605001
35.6367 5.5448 2.54583 -0.602592
35.6867 5.54447 2.52839 -0.569146
35.7367 5.54511 2.51117 -0.505375
35.7867 5.56712 2.47263 -0.474964
35.8367 5.59229 2.44316 -0.447096
35.8867 5.60517 2.41295 -0.377725
35.9367 5.60474 2.38756 -0.270104
35.9867 5.60212 2.36987 -0.181165
36.0367 5.60376 2.35119 -0.165499
36.0867 5.59102 2.35354 -0.188188
36.1367 5.5861 2.35053 -0.228678
36.1867 5.55373 2.36245 -0.250449
36.2367 5.5304 2.37397 -0.292308
36.2867 5.49055 2.38986 -0.289155
36.3367 5.46861 2.39504 -0.307561
36.3867 5.46356 2.39323 -0.316859
36.4367 5.46887 2.38255 -0.321635
36.4867 5.4766 2.36275 -0.322502
36.5367 5.47144 2.35936 -0.295728
36.5867 5.50156 2.32791 -0.271083
36.6367 5.51912 2.29961 -0.252653
36.6867 5.52036 2.29642 -0.213725
36.7367 5.51773 2.30416 -0.134901
36.7867 5.50822 2.33758 -0.0667806
36.8367 5.51369 2.37943 0.000157881
36.8867 5.47002 2.45689 0.0423951
36.9367 5.42994 2.54668 0.0655992
36.9867 5.38607 2.66137 0.0702737
37.0367 5.3298 2.76015 0.0746333
37.0867 5.27589 2.86293 0.0614944
37.1367 5.24037 2.96243 0.0452204
37.1867 5.20149 3.0557 0.0117317
37.2367 5.18206 3.13848 -0.0349432
37.2867 5.15471 3.21198 -0.090753
37.3367 5.14252 3.27529 -0.142304
37.3867 5.11828 3.33001 -0.183699
37.4367 5.10812 3.37898 -0.211224
37.4867 5.09371 3.41672 -0.231005
37.5367 5.09802 3.45013 -0.226739
37.5867 5.0919 3.47982 -0.229296
37.6367 5.09455 3.50672 -0.226948
37.6867 5.09827 3.53249 -0.216741
37.7367 5.09904 3.55095 -0.205239
37.7867 5.09657 3.57111 -0.196899
37.8367 5.09964 3.59232 -0.180983
37.8867 5.09195 3.60792 -0.151396
37.9367 5.09129 3.62778 -0.142539
37.9867 5.08552 3.64457 -0.123165
38.0367 5.07673 3.66421 -0.118693
38.0867 5.07097 3.6912 -0.136315
38.1367 5.05971 3.72296 -0.159657
38.1867 5.04474 3.76034 -0.195878
38.2367 5.03483 3.79555 -0.19722
38.2867 5.01833 3.82779 -0.204454
38.3367 5.00782 3.86032 -0.217053
38.3867 4.99704 3.88465 -0.193956
38.4367 4.98928 3.90739 -0.166647
38.4867 4.97074 3.932 -0.129687
38.5367 4.95825 3.958 -0.078724
38.5867 4.93902 3.98858 -0.0499065
38.6367 4.91303 4.02704 -0.0432787
38.6867 4.88126 4.07085 -0.0579345
38.7367 4.84616 4.11456 -0.0789243
38.7867 4.81019 4.15449 -0.073358
38.8367 4.78522 4.1971 -0.0719825
38.8867 4.7523 4.23295 -0.0644007
38.9367 4.72001 4.25625 -0.0409018
38.9867 4.70076 4.27761 -0.00956065
39.0367 4.67513 4.29865 0.0216037
39.0867 4.65173 4.31557 0.0642683
39.1367 4.63409 4.33614 0.102721
39.1867 4.61426 4.35472 0.156835
39.2367 4.58686 4.37548 0.170045
39.2867 4.55592 4.39912 0.18652
39.3367 4.52826 4.42208 0.200663
39.3867 4.49581 4.44481 0.213991
39.4367 4.47367 4.4621 0.21
39.4867 4.45095 4.47748 0.187132
39.5367 4.43587 4.488 0.186459
39.5867 4.42893 4.49159 0.204111
39.6367 4.41607 4.49401 0.210727
39.6867 4.42701 4.48699 0.214684
39.7367 4.42576 4.48599 0.213635
39.7867 4.42978 4.48232 0.20784
39.8367 4.43491 4.48064 0.207534
39.8867 4.44107 4.46975 0.212576
39.9367 4.45952 4.45286 0.224245
39.9867 4.47348 4.43686 0.234356
40.0367 4.49615 4.42117 0.22911
40.0867 4.51768 4.41884 0.213513
40.1367 4.51398 4.42358 0.208048
40.1867 4.50196 4.44579 0.206755
40.2367 4.47944 4.4749 0.211335
40.2867 4.45501 4.49939 0.240157
40.3367 4.45789 4.52825 0.225632
40.3867 4.44073 4.5548 0.218122
40.4367 4.43317 4.57088 0.228106
40.4867 4.43271 4.58247 0.248877
40.5367 4.42286 4.59507 0.262887
40.5867 4.40872 4.59899 0.302339
40.6367 4.41593 4.59455 0.346786
40.6867 4.40982 4.59851 0.378698
40.7367 4.39824 4.61946 0.378847
40.7867 4.36472 4.66214 0.362066
40.8367 4.30159 4.71122 0.404757
40.8867 4.22151 4.78441 0.382694
40.9367 4.12297 4.85598 0.379446
40.9867 4.12297 4.85598 0.379446
41.0367 4.04972 4.92653 0.388281
41.0867 3.97951 4.98113 0.420973
41.1367 3.91923 5.0298 0.435231
41.1867 3.87044 5.06632 0.455078
41.2367 3.85899 5.08642 0.493546
41.2867 3.86012 5.09532 0.539322
41.3367 3.84658 5.10265 0.574057
41.3867 3.83768 5.10843 0.59685
41.4367 3.82037 5.11506 0.618838
41.4867 3.81245 5.11356 0.644084
41.5367 3.80314 5.11623 0.633611
41.5867 3.80737 5.10963 0.64328
41.6367 3.80495 5.0966 0.668154
41.6867 3.79887 5.07739 0.70066
41.7367 3.81268 5.05297 0.745268
41.7867 3.8445 5.02751 0.767727
41.8367 3.79434 5.01443 0.759206
41.8867 3.76308 4.99829 0.75198
41.9367 3.79902 4.98081 0.751978
41.9867 3.82311 4.96945 0.758338
42.0367 3.82644 4.96827 0.768085
42.0867 3.81473 4.97413 0.796884
42.1367 3.79906 4.98905 0.811931
42.1867 3.76836 5.00835 0.842528
42.2367 3.72517 5.02744 0.876961
42.2867 3.80964 5.03219 0.89744
42.3367 3.77029 5.059 0.932471
42.3867 3.77255 5.06976 1.00197
42.4367 3.7523 5.07447 1.10192
42.4867 3.73337 5.08382 1.18544
42.5367 3.70509 5.11539 1.24198
42.5867 3.65167 5.15634 1.26997
42.6367 3.57616 5.20804 1.29197
42.6867 3.50042 5.26229 1.30737
42.7367 3.45154 5.31646 1.33002
42.7867 3.41721 5.3819 1.31723
42.8367 3.32849 5.45265 1.30018
42.8867 3.2506 5.52918 1.26576
42.9367 3.21725 5.61134 1.19976
42.9867 3.13546 5.68363 1.1532
43.0367 3.03529 5.74954 1.09348
43.0867 2.9326 5.80064 1.03869
43.1367 2.89031 5.84599 1.00784
43.1867 2.83073 5.86859 1.02061
43.2367 2.78167 5.89041 1.03927
43.2867 2.74707 5.89574 1.08863
43.3367 2.71229 5.89968 1.13219
43.3867 2.67865 5.89644 1.19518
43.4367 2.63419 5.9018 1.2352
43.4867 2.58439 5.90865 1.28103
43.5367 2.52377 5.91643 1.32397
43.5867 2.50709 5.92764 1.39315
43.6367 2.44302 5.95133 1.43728
43.6867 2.36185 5.97205 1.4964
43.7367 2.27959 5.98543 1.55919
43.7867 2.20812 6.00384 1.61005
43.8367 2.14121 6.01791 1.67
43.8867 1.96567 6.01668 1.69455
43.9367 1.90241 6.04062 1.72978
43.9867 1.81867 6.05447 1.78782
44.0367 1.75404 6.06188 1.87068
44.0867 1.68954 6.05312 1.97689
44.1367 1.60522 6.05376 2.0509
44.1867 1.53876 6.05758 2.12685
44.2367 1.44263 6.05863 2.18662
44.2867 1.36098 6.05722 2.25289
44.3367 1.29272 6.04916 2.33252
44.3867 1.1981 6.03478 2.401
44.4367 1.12717 6.01787 2.48373
44.4867 1.05341 5.9662 2.61553
44.5367 0.986614 5.91346 2.7438
44.5867 0.910801 5.88456 2.82452
44.6367 0.851476 5.86045 2.89893
44.6867 0.777109 5.83914 2.95961
44.7367 0.71854 5.81489 3.02057
44.7867 0.68503 5.79041 3.08337
44.8367 0.649289 5.7731 3.13296
44.8867 0.607735 5.76199 3.15178
44.9367 0.584807 5.76031 3.16322
44.9867 0.558241 5.76175 3.16925
45.0367 0.536397 5.77233 3.17247
45.0867 0.514085 5.78929 3.16852
45.1367 0.474429 5.83294 3.12347
45.1867 0.419108 5.88297 3.06076
45.2367 0.374202 5.90472 3.04097
45.2867 0.32412 5.92412 3.02294
45.3367 0.282481 5.94195 2.99333
45.3867 0.233877 5.94917 2.98104
45.4367 0.173862 5.94019 3.0031
45.4867 0.0960227 5.94617 3.00206
45.5367 0.0241897 5.94082 3.03569
45.5867 -0.0739783 5.93366 3.0617
45.6367 -0.152403 5.93296 3.08552
45.6867 -0.248542 5.91846 3.12253
45.7367 -0.347707 5.90507 3.1612
45.7867 -0.445393 5.90449 3.1868
45.8367 -0.567995 5.8957 3.20619
45.8867 -0.682533 5.87686 3.24389
45.9367 -0.78996 5.85898 3.27841
45.9867 -0.922749 5.83008 3.3014
46.0367 -1.03035 5.8043 3.33643
46.0867 -1.14654 5.76929 3.37038
46.1367 -1.25385 5.7185 3.42868
46.1867 -1.33783 5.66742 3.50702
46.2367 -1.41193 5.62212 3.57886
46.2867 -1.5096 5.56367 3.63694
46.3367 -1.5867 5.52429 3.67199
46.3867 -1.64821 5.48984 3.7049
46.4367 -1.68635 5.46327 3.73725
46.4867 -1.7333 5.42417 3.76997
46.5367 -1.76365 5.38972 3.81198
46.5867 -1.79366 5.34349 3.86768
46.6367 -1.83313 5.30858 3.90263
46.6867 -1.89481 5.27032 3.92226
46.7367 -1.95245 5.22502 3.96303
46.7867 -2.02481 5.18667 3.98852
46.8367 -2.10485 5.1385 4.01784
46.8867 -2.19384 5.08944 4.03995
46.9367 -2.32222 5.02949 4.04637
46.9867 -2.45115 4.93592 4.08726
47.0367 -2.56989 4.81073 4.15123
47.0867 -2.65215 4.69116 4.23876
47.1367 -2.72238 4.55808 4.35463
47.1867 -2.7817 4.43017 4.45996
47.2367 -2.83226 4.30617 4.56019
47.2867 -2.88683 4.16022 4.66514
47.3367 -2.93239 4.01274 4.774
47.3867 -2.96575 3.86736 4.88235
47.4367 -2.98852 3.70794 4.99576
47.4867 -2.99396 3.57689 5.08796
47.5367 -2.99498 3.443 5.16937
47.5867 -2.99611 3.33601 5.22682
47.6367 -2.96562 3.27508 5.28041
47.6867 -2.96081 3.23482 5.29814
47.7367 -2.94755 3.23468 5.30219
47.7867 -2.94196 3.2364 5.29219
47.8367 -2.93548 3.2456 5.28754
47.8867 -2.91116 3.26844 5.28871
47.9367 -2.89068 3.28707 5.28946
47.9867 -2.86786 3.30633 5.29074
48.0367 -2.87711 3.30363 5.28437
48.0867 -2.8612 3.31116 5.29957
48.1367 -2.83576 3.33233 5.30131
48.1867 -2.82816 3.35194 5.29765
48.2367 -2.82646 3.37012 5.28133
48.2867 -2.8116 3.42564 5.26392
48.3367 -2.83474 3.46194 5.24217
48.3867 -2.86488 3.48146 5.22826
48.4367 -2.89194 3.49056 5.23841
48.4867 -2.94531 3.45744 5.26
48.5367 -2.99399 3.42423 5.28534
48.5867 -3.03797 3.40424 5.30986
48.6367 -3.04231 3.40367 5.33922
48.6867 -3.01855 3.40559 5.37969
48.7367 -2.98651 3.39387 5.42461
48.7867 -2.9428 3.41753 5.45409
48.8367 -2.9174 3.50902 5.43387
48.8867 -2.90944 3.60794 5.407
48.9367 -2.92581 3.67706 5.38705
48.9867 -2.97325 3.71649 5.36492
49.0367 -3.03365 3.71995 5.36663
49.0867 -3.13401 3.69245 5.35273
49.1367 -3.19633 3.66056 5.37225
49.1867 -3.26164 3.61127 5.39139
49.2367 -3.30621 3.55747 5.41204
49.2867 -3.34668 3.53329 5.41946
49.3367 -3.38318 3.51469 5.43258
49.3867 -3.42942 3.527 5.42298
49.4367 -3.46894 3.53099 5.41639
49.4867 -3.50365 3.54579 5.41247
49.5367 -3.5382 3.5704 5.39716
49.5867 -3.5897 3.59776 5.37783
49.6367 -3.6302 3.63462 5.3673
49.6867 -3.64587 3.67032 5.36461
49.7367 -3.6838 3.69793 5.33973
49.7867 -3.70971 3.72284 5.33365
49.8367 -3.74396 3.75401 5.32508
49.8867 -3.78278 3.8074 5.30697
49.9367 -3.82077 3.82735 5.30289
49.9867 -3.89012 3.82341 5.26789
50.0367 -3.91169 3.84836 5.28206
50.0867 -3.98611 3.86076 5.24855
50.1367 -4.00659 3.88469 5.26527
50.1867 -4.03156 3.90884 5.26226
50.2367 -4.05349 3.93749 5.28332
50.2867 -4.11955 3.93784 5.27573
50.3367 -4.25996 3.91923 5.22888
50.3867 -4.39086 3.92312 5.16559
50.4367 -4.5339 3.91819 5.10055
50.4867 -4.64306 3.94046 5.02547
50.5367 -4.73233 3.94893 4.97179
50.5867 -4.83444 3.98145 4.89235
50.6367 -4.97229 4.0235 4.76282
50.6867 -5.05225 4.00259 4.7641
50.7367 -5.10466 3.96754 4.74506
50.7867 -5.09428 3.95571 4.78357
50.8367 -5.07187 3.90699 4.85331
50.8867 -5.00899 3.88386 4.93006
50.9367 -4.9515 3.86162 5.00795
50.9867 -4.87535 3.84106 5.08435
51.0367 -4.7799 3.78566 5.20399
51.0867 -4.65024 3.76014 5.32758
51.1367 -4.53603 3.70866 5.44615
51.1867 -4.41465 3.6981 5.53329
51.2367 -4.3161 3.6734 5.62175
51.2867 -4.25241 3.66928 5.67503
51.3367 -4.22015 3.69265 5.68721
51.3867 -4.21794 3.70093 5.68305
51.4367 -4.23052 3.73902 5.64743
51.4867 -4.27297 3.7756 5.5856
51.5367 -4.34905 3.82553 5.49391
51.5867 -4.40039 3.8972 5.41956
51.6367 -4.46425 3.94925 5.33522
51.6867 -4.51428 3.96674 5.27308
51.7367 -4.5717 3.9661 5.23284
51.7867 -4.62215 3.92481 5.20348
51.8367 -4.627 3.91843 5.19502
51.8867 -4.62118 3.93388 5.17672
51.9367 -4.61442 3.92931 5.17924
51.9867 -4.5716 3.92715 5.19587
52.0367 -4.51818 3.92114 5.23518
52.0867 -4.43981 3.89985 5.28429
52.1367 -4.34693 3.90489 5.35554
52.1867 -4.30937 3.8902 5.36661
52.2367 -4.27383 3.84609 5.38937
52.2867 -4.24233 3.7861 5.43608
52.3367 -4.20523 3.71495 5.48894
52.3867 -4.17602 3.67261 5.51698
52.4367 -4.13263 3.64772 5.56366
52.4867 -4.09763 3.65695 5.57683
52.5367 -4.0763 3.67219 5.5868
52.5867 -4.05911 3.69813 5.57719
52.6367 -4.04801 3.72637 5.56029
52.6867 -4.04876 3.75569 5.53843
52.7367 -4.07618 3.77636 5.50913
52.7867 -4.10886 3.8203 5.4725
52.8367 -4.17598 3.86256 5.40227
52.8867 -4.20603 3.90134 5.3525
52.9367 -4.24756 3.93513 5.32076
52.9867 -4.31713 3.93722 5.26949
53.0367 -4.41477 3.92677 5.19693
53.0867 -4.49642 3.92894 5.13554
53.1367 -4.58031 3.89765 5.0691
53.1867 -4.65099 3.88729 5.0203
53.2367 -4.69627 3.87803 4.97203
53.2867 -4.70983 3.90039 4.93861
53.3367 -4.72237 3.90643 4.92597
53.3867 -4.7161 3.90763 4.91301
53.4367 -4.65715 3.90005 4.95931
53.4867 -4.63031 3.86244 5.00859
53.5367 -4.57919 3.82905 5.05978
53.5867 -4.4919 3.8337 5.13553
53.6367 -4.44353 3.81538 5.1762
53.6867 -4.39435 3.79566 5.2242
53.7367 -4.3576 3.76597 5.26004
53.7867 -4.32225 3.73613 5.2879
53.8367 -4.27886 3.73442 5.30329
53.8867 -4.23883 3.7275 5.31867
53.9367 -4.21192 3.70434 5.34479
53.9867 -4.19134 3.69652 5.36252
54.0367 -4.16462 3.68821 5.37771
54.0867 -4.14933 3.67142 5.38972
54.1367 -4.11957 3.69572 5.39008
54.1867 -4.10365 3.70645 5.39885
54.2367 -4.08402 3.77726 5.36683
54.2867 -4.06781 3.87608 5.30904
54.3367 -4.04579 3.97451 5.25545
54.3867 -4.01392 4.08955 5.18356
54.4367 -3.97405 4.19261 5.11105
54.4867 -3.91832 4.31278 5.03807
54.5367 -3.84288 4.44208 4.98096
54.5867 -3.79967 4.56115 4.89557
54.6367 -3.75271 4.67358 4.82888
54.6867 -3.74186 4.76414 4.74202
54.7367 -3.70406 4.86786 4.67588
54.7867 -3.69996 4.94779 4.60981
54.8367 -3.69109 5.024 4.5622
54.8867 -3.69872 5.10186 4.50195
54.9367 -3.71831 5.1491 4.45337
54.9867 -3.74785 5.19668 4.39897
55.0367 -3.77001 5.23513 4.3554
55.0867 -3.80642 5.252 4.32082
55.1367 -3.84239 5.25199 4.29487
55.1867 -3.85262 5.23722 4.30515
55.2367 -3.83984 5.24188 4.31603
55.2867 -3.78518 5.26141 4.34437
55.3367 -3.70622 5.30012 4.37128
55.3867 -3.64979 5.33342 4.36901
55.4367 -3.5745 5.35064 4.38938
55.4867 -3.48986 5.38721 4.39037
55.5367 -3.39619 5.44385 4.38145
55.5867 -3.29199 5.50829 4.35217
55.6367 -3.20234 5.57731 4.29289
55.6867 -3.0674 5.68113 4.20808
55.7367 -2.9616 5.77353 4.12013
55.7867 -2.7908 5.88789 4.10543
55.8367 -2.65086 5.98012 4.04449
55.8867 -2.53106 6.05125 3.97807
55.9367 -2.41555 6.12339 3.89076
55.9867 -2.31948 6.17004 3.82774
56.0367 -2.2385 6.20323 3.77891
56.0867 -2.15248 6.22604 3.76822
56.1367 -2.08096 6.24572 3.7529
56.1867 -2.03394 6.26427 3.72026
56.2367 -1.9907 6.27751 3.69376
56.2867 -1.94729 6.30234 3.66354
56.3367 -1.9273 6.31614 3.63676
56.3867 -1.92237 6.31943 3.62302
56.4367 -1.92991 6.32219 3.60411
56.4867 -1.92802 6.32912 3.59668
56.5367 -1.94405 6.32298 3.57731
56.5867 -1.95726 6.32197 3.56039
56.6367 -1.9587 6.32909 3.54009
56.6867 -1.95537 6.32275 3.53627
56.7367 -1.93544 6.32554 3.53066
56.7867 -1.91191 6.33152 3.51604
56.8367 -1.89778 6.35813 3.46431
56.8867 -1.89634 6.36273 3.42841
56.9367 -1.86406 6.38635 3.40314
56.9867 -1.86422 6.40483 3.34878
57.0367 -1.86196 6.41185 3.32414
57.0867 -1.86764 6.40449 3.32068
57.1367 -1.8628 6.40379 3.33295
57.1867 -1.86242 6.39076 3.35231
57.2367 -1.85868 6.39891 3.34137
57.2867 -1.86786 6.38638 3.37041
57.3367 -1.87455 6.37332 3.40639
57.3867 -1.87239 6.33782 3.48588
57.4367 -1.85706 6.30284 3.55794
57.4867 -1.82782 6.25834 3.63399
57.5367 -1.77256 6.25738 3.65809
57.5867 -1.68935 6.26432 3.67528
57.6367 -1.60352 6.28393 3.66209
57.6867 -1.51097 6.30621 3.64306
57.7367 -1.41662 6.33179 3.59925
57.7867 -1.32433 6.35638 3.55004
57.8367 -1.20754 6.4193 3.46834
57.8867 -1.10188 6.48442 3.37678
57.9367 -1.00816 6.54566 3.29882
57.9867 -0.931893 6.61324 3.20779
58.0367 -0.877214 6.67795 3.10814
58.0867 -0.835054 6.7292 3.02801
58.1367 -0.805962 6.76313 2.97944
58.1867 -0.77753 6.78945 2.95444
58.2367 -0.762844 6.809 2.92959
58.2867 -0.744226 6.81938 2.92939
58.3367 -0.720013 6.84659 2.92728
58.3867 -0.727112 6.88528 2.87671
58.4367 -0.746677 6.90976 2.84138
58.4867 -0.763898 6.93696 2.8047
58.5367 -0.77041 6.95436 2.8044
58.5867 -0.787496 6.96418 2.80967
58.6367 -0.795806 6.96394 2.82346
58.6867 -0.799941 6.95271 2.87957
58.7367 -0.826204 6.94691 2.88886
58.7867 -0.849646 6.94793 2.89829
58.8367 -0.855552 6.92363 2.97778
58.8867 -0.841276 6.89596 3.08502
58.9367 -0.852486 6.85471 3.16032
58.9867 -0.831569 6.8428 3.22961
59.0367 -0.820493 6.83648 3.25141
59.0867 -0.787179 6.85602 3.25357
59.1367 -0.75939 6.87971 3.24321
59.1867 -0.744836 6.89581 3.22053
59.2367 -0.758543 6.91375 3.17956
59.2867 -0.758669 6.94037 3.16284
59.3367 -0.758079 6.96705 3.15355
59.3867 -0.79389 6.98171 3.12978
59.4367 -0.801761 7.012 3.09798
59.4867 -0.825404 7.04406 3.0414
59.5367 -0.806139 7.0893 3.01191
59.5867 -0.843102 7.11143 2.97008
59.6367 -0.886949 7.13467 2.91844
59.6867 -0.934814 7.14482 2.87949
59.7367 -0.973876 7.14295 2.84815
59.7867 -1.01182 7.15607 2.78373
59.8367 -1.04694 7.17018 2.73875
59.8867 -1.05685 7.18971 2.71593
59.9367 -1.05324 7.22103 2.67954
59.9867 -1.03158 7.25321 2.65416
60.0367 -0.995906 7.30618 2.61851
60.0867 -0.979118 7.33797 2.58601
60.1367 -0.964649 7.36777 2.57056
60.1867 -0.968873 7.38458 2.56082
60.2367 -0.961298 7.41201 2.55553
60.2867 -0.994718 7.41193 2.53404
60.3367 -0.980595 7.43788 2.52291
60.3867 -0.950338 7.46634 2.5191
60.4367 -0.913817 7.50013 2.49585
60.4867 -0.866958 7.5357 2.47444
60.5367 -0.818307 7.56237 2.46387
60.5867 -0.760137 7.59192 2.42964
60.6367 -0.712532 7.62455 2.37695
60.6867 -0.645449 7.65562 2.35312
60.7367 -0.579948 7.67986 2.32338
60.7867 -0.511017 7.71078 2.3058
60.8367 -0.450396 7.74521 2.25698
60.8867 -0.394185 7.77887 2.21922
60.9367 -0.353777 7.79992 2.2038
60.9867 -0.322925 7.81731 2.20768
61.0367 -0.297823 7.84238 2.19051
61.0867 -0.279578 7.87467 2.16098
61.1367 -0.262605 7.89647 2.1576
61.1867 -0.254343 7.9206 2.14203
61.2367 -0.260233 7.94605 2.11684
61.2867 -0.257867 7.9768 2.08474
61.3367 -0.262752 8.0112 2.03833
61.3867 -0.272988 8.03888 2.0032
61.4367 -0.283875 8.06713 1.98062
61.4867 -0.292618 8.09816 1.95248
61.5367 -0.300846 8.1278 1.93461
61.5867 -0.311311 8.15724 1.92742
61.6367 -0.324033 8.18527 1.91094
61.6867 -0.332535 8.21023 1.90298
61.7367 -0.332719 8.2345 1.90487
61.7867 -0.335221 8.26169 1.90216
61.8367 -0.340646 8.28938 1.89515
61.8867 -0.349952 8.31009 1.88517
61.9367 -0.342611 8.33797 1.86632
61.9867 -0.335544 8.35908 1.84873
62.0367 -0.313942 8.38275 1.83243
62.0867 -0.280455 8.40796 1.82417
62.1367 -0.225006 8.44011 1.80583
62.1867 -0.176192 8.45881 1.81987
62.2367 -0.141368 8.46889 1.84608
62.2867 -0.12458 8.47292 1.83743
62.3367 -0.0772668 8.48879 1.83798
62.3867 -0.032303 8.50898 1.80055
62.4367 -0.00949338 8.51454 1.75094
62.4867 0.0414916 8.53922 1.71314
62.5367 0.0739442 8.55576 1.68062
62.5867 0.101152 8.57709 1.62507
62.6367 0.12123 8.58526 1.61337
62.6867 0.136767 8.60591 1.57637
62.7367 0.139496 8.62005 1.5438
62.7867 0.150852 8.63588 1.54485
62.8367 0.131897 8.64804 1.52288
62.8867 0.129018 8.66151 1.5305
62.9367 0.137389 8.6733 1.54552
62.9867 0.137449 8.68742 1.53303
63.0367 0.15456 8.71023 1.51463
63.0867 0.169378 8.73997 1.48828
63.1367 0.17928 8.77253 1.44163
63.1867 0.19109 8.79612 1.44287
63.2367 0.183178 8.81196 1.45086
63.2867 0.16014 8.82123 1.44521
63.3367 0.144159 8.83805 1.42562
63.3867 0.124178 8.85207 1.41416
63.4367 0.103174 8.86523 1.41928
63.4867 0.0818332 8.88325 1.40373
63.5367 0.0616869 8.89704 1.41916
63.5867 0.0423423 8.90968 1.42513
63.6367 0.0199811 8.92249 1.4198
63.6867 0.0197757 8.94204 1.4341
63.7367 0.0293027 8.96445 1.41926
63.7867 0.0609961 8.9747 1.45133
63.8367 0.0970984 8.99198 1.40721
63.8867 0.156045 9.0021 1.39192
63.9367 0.239269 9.01029 1.42444
63.9867 0.328017 9.01465 1.41789
64.0367 0.424978 9.01665 1.45578
64.0867 0.504283 9.0114 1.50151
64.1367 0.57716 9.00846 1.55621
64.1867 0.640663 8.99387 1.64314
64.2367 0.681694 8.98898 1.70448
64.2867 0.703146 9.00448 1.68484
64.3367 0.702771 9.01944 1.65844
64.3867 0.704267 9.03816 1.63725
64.4367 0.691624 9.05033 1.61567
64.4867 0.669542 9.0694 1.59406
64.5367 0.641933 9.08704 1.59937
64.5867 0.617908 9.11385 1.58222
64.6367 0.568761 9.13181 1.55621
64.6867 0.530791 9.14784 1.59041
64.7367 0.492866 9.1542 1.63317
64.7867 0.466732 9.16789 1.67424
64.8367 0.44467 9.17678 1.72183
64.8867 0.434251 9.19325 1.74352
64.9367 0.437839 9.20211 1.78144
64.9867 0.456119 9.21709 1.80669
65.0367 0.472638 9.21807 1.83373
65.0867 0.50965 9.21917 1.82413
65.1367 0.553484 9.23588 1.79864
65.1867 0.60546 9.243 1.75002
65.2367 0.704831 9.27393 1.6753
65.2867 0.780847 9.29904 1.57029
65.3367 0.889738 9.32074 1.46802
65.3867 0.974449 9.33763 1.39158
65.4367 1.06204 9.35371 1.29567
65.4867 1.13761 9.37349 1.18806
65.5367 1.22849 9.39255 1.11694
65.5867 1.28906 9.40789 1.06855
65.6367 1.34055 9.43247 0.979747
65.6867 1.37108 9.44603 0.940053
65.7367 1.39622 9.4641 0.889421
65.7867 1.40484 9.48328 0.829948
65.8367 1.41674 9.50853 0.77661
65.8867 1.38328 9.52785 0.679207
65.9367 1.38078 9.55193 0.654707
65.9867 1.38993 9.57151 0.69636
66.0367 1.37274 9.58057 0.738203
66.0867 1.36512 9.59995 0.778058
66.1367 1.34189 9.61802 0.820626
66.1867 1.31449 9.64091 0.854398
66.2367 1.28839 9.65615 0.885003
66.2867 1.25847 9.67684 0.889337
66.3367 1.18633 9.70486 0.816077
66.3867 1.07758 9.72268 0.658709
66.4367 1.00902 9.76482 0.561933
66.4867 0.939517 9.80598 0.448072
66.5367 0.854707 9.83713 0.314063
66.5867 0.824764 9.85999 0.230279
66.6367 0.809807 9.87641 0.121654
66.6867 0.805265 9.87715 -0.0163037
66.7367 0.876052 9.87685 -0.0265911
66.7867 0.943541 9.87931 -0.108812
66.8367 1.06753 9.86626 -0.0871137
66.8867 1.19903 9.82779 -0.0370213
66.9367 1.40513 9.78687 0.101577
66.9867 1.59502 9.7422 0.129733
67.0367 1.77522 9.686 0.114873
67.0867 1.97541 9.61809 0.108131
67.1367 2.16319 9.54809 0.0685978
67.1867 2.31557 9.49427 0.0187371
67.2367 2.48636 9.47809 -0.0206729
67.2867 2.60137 9.45219 -0.0804336
67.3367 2.72727 9.43709 -0.111139
67.3867 2.72727 9.43709 -0.111139
67.4367 2.78915 9.41914 -0.111973
67.4867 2.85808 9.436 -0.129056
67.5367 2.88294 9.41757 -0.0723448
67.5867 2.92284 9.42687 -0.017017
67.6367 2.93219 9.42481 0.0355639
67.6867 2.93601 9.43068 0.102278
67.7367 2.90731 9.44412 0.158277
67.7867 2.82296 9.44339 0.172509
67.8367 2.69964 9.4425 0.145076
67.8867 2.64776 9.46889 0.199218
67.9367 2.59544 9.49916 0.253613
67.9867 2.5423 9.53033 0.29113
68.0367 2.44582 9.5398 0.331412
68.0867 2.38017 9.56432 0.365064
68.1367 2.31287 9.59671 0.334873
68.1867 2.24573 9.61552 0.334383
68.2367 2.18075 9.64176 0.298052
68.2867 2.13094 9.666 0.268436
68.3367 2.07023 9.68826 0.228117
68.3867 2.01049 9.70985 0.173449
68.4367 1.97524 9.73246 0.117103
68.4867 1.93352 9.7382 0.0713293
68.5367 1.90153 9.74577 0.0145945
68.5867 1.92588 9.74102 0.0913205
68.6367 1.9355 9.71336 0.208227
68.6867 1.94748 9.68204 0.324074
68.7367 1.96772 9.65398 0.394013
68.7867 1.96317 9.62294 0.435967
68.8367 1.99273 9.59201 0.536348
68.8867 2.0071 9.5654 0.578121
68.9367 2.03029 9.54511 0.617084
68.9867 2.04176 9.51859 0.64517
69.0367 2.06587 9.49392 0.618475
69.0867 2.09076 9.4658 0.562821
69.1367 2.15471 9.43346 0.503015
69.1867 2.20725 9.39395 0.396154
69.2367 2.25763 9.35511 0.254425
69.2867 2.29561 9.31738 0.0616784
69.3367 2.35639 9.28249 -0.130917
69.3867 2.40377 9.22988 -0.288918
69.4367 2.44959 9.16767 -0.376143
69.4867 2.53886 9.11981 -0.377818
69.5367 2.5966 9.06602 -0.33993
69.5867 2.64234 9.01608 -0.296081
69.6367 2.69133 8.97753 -0.232437
69.6867 2.69487 8.93514 -0.192118
69.7367 2.71306 8.90637 -0.141049
69.7867 2.70017 8.88101 -0.147694
69.8367 2.69863 8.8558 -0.137399
69.8867 2.69738 8.83333 -0.125634
69.9367 2.67172 8.81267 -0.145859
69.9867 2.64911 8.79511 -0.167382
70.0367 2.64572 8.78831 -0.178586
70.0867 2.63274 8.78503 -0.226399
70.1367 2.61788 8.78666 -0.257754
70.1867 2.5757 8.77992 -0.259243
70.2367 2.53099 8.77494 -0.277595
70.2867 2.50305 8.77666 -0.26676
70.3367 2.43669 8.77258 -0.282238
70.3867 2.37789 8.77031 -0.288373
70.4367 2.31704 8.76989 -0.311107
70.4867 2.24895 8.76246 -0.303747
70.5367 2.18869 8.75236 -0.310154
70.5867 2.15473 8.74114 -0.289196
70.6367 2.14385 8.71895 -0.231688
70.6867 2.14672 8.69166 -0.217854
70.7367 2.15308 8.64771 -0.208431
70.7867 2.18483 8.59837 -0.213825
70.8367 2.22703 8.5385 -0.232483
70.8867 2.2458 8.47379 -0.310615
70.9367 2.28444 8.4273 -0.39558
70.9867 2.30168 8.37558 -0.503159
71.0367 2.32141 8.32824 -0.576991
71.0867 2.33248 8.28333 -0.633283
71.1367 2.33926 8.23617 -0.68209
71.1867 2.35562 8.19555 -0.746628
71.2367 2.38547 8.16171 -0.759977
71.2867 2.39963 8.11938 -0.780414
71.3367 2.41156 8.0843 -0.848194
71.3867 2.43249 8.05409 -0.875852
71.4367 2.45494 8.02521 -0.900626
71.4867 2.44741 7.98599 -0.938083
71.5367 2.43822 7.94949 -0.934299
71.5867 2.41595 7.90083 -0.92282
71.6367 2.42453 7.86773 -0.868374
71.6867 2.4604 7.83215 -0.742689
71.7367 2.51162 7.80494 -0.608036
71.7867 2.54096 7.76845 -0.50307
71.8367 2.56459 7.73534 -0.422465
71.8867 2.5898 7.70224 -0.348623
71.9367 2.60621 7.67053 -0.326856
71.9867 2.61388 7.63448 -0.272198
72.0367 2.60792 7.59253 -0.266035
72.0867 2.6008 7.55024 -0.264644
72.1367 2.58677 7.50752 -0.262194
72.1867 2.57753 7.46801 -0.256748
72.2367 2.62979 7.43687 -0.220722
72.2867 2.64823 7.39328 -0.201425
72.3367 2.66773 7.35119 -0.192443
72.3867 2.66049 7.3096 -0.173213
72.4367 2.67677 7.26612 -0.161263
72.4867 2.68264 7.22597 -0.14312
72.5367 2.69596 7.18877 -0.141974
72.5867 2.69428 7.15428 -0.177109
72.6367 2.70163 7.12186 -0.19811
72.6867 2.72503 7.0937 -0.219023
72.7367 2.73218 7.05994 -0.245849
72.7867 2.70882 7.02246 -0.274536
72.8367 2.69796 6.98 -0.291109
72.8867 2.6919 6.94435 -0.262578
72.9367 2.67026 6.90249 -0.250329
72.9867 2.65092 6.86615 -0.208226
73.0367 2.61727 6.82685 -0.180853
73.0867 2.59366 6.79337 -0.154468
73.1367 2.57091 6.76487 -0.118977
73.1867 2.54623 6.7296 -0.0697006
73.2367 2.53344 6.70233 -0.0194833
73.2867 2.50976 6.67487 0.0310605
73.3367 2.5029 6.6563 0.0712811
73.3867 2.4898 6.62984 0.115358
73.4367 2.48087 6.60592 0.146252
73.4867 2.45638 6.57984 0.165308
73.5367 2.43462 6.55943 0.149506
73.5867 2.4133 6.53077 0.18751
73.6367 2.41128 6.51163 0.214923
73.6867 2.40741 6.48591 0.235372
73.7367 2.40345 6.46613 0.235399
73.7867 2.39919 6.44749 0.209169
73.8367 2.40548 6.42528 0.154767
73.8867 2.42665 6.39562 0.0694739
73.9367 2.43715 6.34369 -0.00586499
73.9867 2.49588 6.29729 -0.0741
74.0367 2.54757 6.23872 -0.162654
74.0867 2.61301 6.17562 -0.272714
74.1367 2.6787 6.10438 -0.381865
74.1867 2.74241 6.04054 -0.449663
74.2367 2.8491 5.99704 -0.528153
74.2867 2.90785 5.93877 -0.563738
74.3367 2.96047 5.87964 -0.565538
74.3867 3.01266 5.82198 -0.517646
74.4367 3.08891 5.78156 -0.45199
74.4867 3.14332 5.72251 -0.397971
74.5367 3.20802 5.65675 -0.347926
74.5867 3.3122 5.5898 -0.318185
74.6367 3.41611 5.5044 -0.244175
74.6867 3.49977 5.41215 -0.185498
74.7367 3.49977 5.41215 -0.185498
74.7867 3.62112 5.31281 -0.177688
74.8367 3.73956 5.2133 -0.20321
74.8867 3.84864 5.10147 -0.249662
74.9367 3.9497 4.9978 -0.348406
74.9867 4.0513 4.8976 -0.435164
75.0367 4.13406 4.80339 -0.498923
75.0867 4.20008 4.71734 -0.561245
75.1367 4.25038 4.64012 -0.644128
75.1867 4.28908 4.5847 -0.712472
75.2367 4.29005 4.53856 -0.73773
75.2867 4.32845 4.49645 -0.760049
75.3367 4.35113 4.47147 -0.716231
75.3867 4.37274 4.44123 -0.699499
75.4367 4.38189 4.40978 -0.688019
75.4867 4.39897 4.38003 -0.710033
75.5367 4.43961 4.34262 -0.732023
75.5867 4.43961 4.34262 -0.732023
75.6367 4.45255 4.30836 -0.75464
75.6867 4.45026 4.28267 -0.805189
75.7367 4.4598 4.2593 -0.867975
75.7867 4.47191 4.24017 -0.915232
75.8367 4.47591 4.2218 -0.944065
75.8867 4.46436 4.21573 -0.971074
75.9367 4.53758 4.19473 -0.971021
75.9867 4.5755 4.19283 -0.948082
76.0367 4.60241 4.17909 -0.983087
76.0867 4.57769 4.20376 -1.00435
76.1367 4.59866 4.22258 -1.03853
76.1867 4.59862 4.23026 -1.05246
76.2367 4.55182 4.24629 -1.1177
76.2867 4.53364 4.25733 -1.17968
76.3367 4.57794 4.23228 -1.22516
76.3867 4.57467 4.19295 -1.30854
76.4367 4.57467 4.19295 -1.30854
76.4867 4.59728 4.12842 -1.35841
76.5367 4.66946 4.06025 -1.37438
76.5867 4.73967 3.99293 -1.40181
76.6367 4.72288 3.93402 -1.49359
76.6867 4.76021 3.85783 -1.57995
76.7367 4.76021 3.85783 -1.57995
76.7867 4.81027 3.77668 -1.68731
76.8367 4.77668 3.74122 -1.78136
76.8867 4.82076 3.72371 -1.81966
76.9367 4.82076 3.72371 -1.81966
76.9867 4.79445 3.71343 -1.93053
77.0367 4.7331 3.72996 -2.03394
77.0867 4.68571 3.75141 -2.14244
77.1367 4.69127 3.77498 -2.19408
77.1867 4.69145 3.78554 -2.23
77.2367 4.68054 3.79513 -2.28018
77.2867 4.65827 3.83153 -2.27454
77.3367 4.66819 3.84705 -2.27544
77.3867 4.65532 3.85508 -2.27473
77.4367 4.67767 3.86977 -2.20616
77.4867 4.72803 3.86464 -2.1813
77.5367 4.73287 3.87149 -2.15549
77.5867 4.73287 3.87149 -2.15549
77.6367 4.74024 3.86271 -2.14013
77.6867 4.72923 3.8568 -2.13922
77.7367 4.79263 3.86 -2.08788
77.7867 4.79263 3.86 -2.08788
77.8367 4.78047 3.86148 -2.03983
77.8867 4.78141 3.85087 -2.01443
77.9367 4.78141 3.85087 -2.01443
77.9867 4.86781 3.82342 -1.93432
78.0367 5.06563 3.80145 -1.80777
78.0867 5.06753 3.78685 -1.72649
78.1367 5.13588 3.76752 -1.61915
78.1867 5.23153 3.74433 -1.46287
78.2367 5.23153 3.74433 -1.46287
78.2867 5.23153 3.74433 -1.46287
78.3367 5.36639 3.73213 -1.34345
78.3867 5.36639 3.73213 -1.34345
78.4367 5.49468 3.64421 -1.28715
78.4867 5.52723 3.58949 -1.25671
78.5367 5.65647 3.46749 -1.20404
78.5867 5.75101 3.34195 -1.16828
78.6367 5.96359 3.15354 -1.11264
78.6867 5.96359 3.15354 -1.11264
78.7367 6.07154 2.90939 -1.12358
78.7867 6.07154 2.90939 -1.12358
78.8367 6.21338 2.74255 -1.06908
78.8867 6.21338 2.74255 -1.06908
78.9367 6.30307 2.64416 -0.936264
78.9867 6.36415 2.53495 -0.909042
79.0367 6.48373 2.51255 -0.487456
79.0867 6.48373 2.51255 -0.487456
79.1367 6.57985 2.37654 -0.390862
79.1867 6.57985 2.37654 -0.390862
79.2367 6.69424 2.25096 -0.276004
79.2867 6.71459 2.15267 -0.335153
79.3367 6.76495 2.08183 -0.311876
79.3867 6.76495 2.08183 -0.311876
79.4367 6.79752 2.05664 -0.465256
79.4867 6.88086 1.98093 -0.450917
79.5367 6.88086 1.98093 -0.450917
79.5867 7.01371 1.86418 -0.330342
79.6367 7.01371 1.86418 -0.330342
79.6867 7.01371 1.86418 -0.330342
79.7367 7.01371 1.86418 -0.330342
79.7867 7.09908 1.79777 -0.100527
79.8367 7.16109 1.74624 -0.0941373
79.8867 7.16109 1.74624 -0.0941373
79.9367 7.16109 1.74624 -0.0941373
79.9867 7.16109 1.74624 -0.0941373
80.0367 7.16109 1.74624 -0.0941373
80.0867 7.26995 1.67144 -0.098152
80.1367 7.26995 1.67144 -0.098152
80.1867 7.26995 1.67144 -0.098152
80.2367 7.30373 1.55311 -0.141297
80.2867 7.30373 1.55311 -0.141297
80.3367 7.41679 1.44418 -0.145989
80.3867 7.52022 1.28901 -0.0663909
80.4367 7.54722 1.02839 -0.476383
80.4867 7.54722 1.02839 -0.476383
80.5367 7.54722 1.02839 -0.476383
80.5867 7.54722 1.02839 -0.476383
80.6367 7.59076 0.771829 -0.840649
80.6867 7.59076 0.771829 -0.840649
80.7367 7.59076 0.771829 -0.840649
80.7867 7.68077 0.653138 -0.761992
80.8367 7.68077 0.653138 -0.761992
80.8867 7.66206 0.616387 -0.8004
80.9367 7.66206 0.616387 -0.8004
80.9867 7.66206 0.616387 -0.8004
81.0367 7.66206 0.616387 -0.8004
81.0867 7.66206 0.616387 -0.8004
81.1367 7.62207 0.559007 -0.940458
81.1867 7.66216 0.525074 -0.837765
81.2367 7.66216 0.525074 -0.837765
81.2867 7.66216 0.525074 -0.837765
81.3367 7.66216 0.525074 -0.837765
81.3867 7.66216 0.525074 -0.837765
81.4367 7.66216 0.525074 -0.837765
81.4867 7.66216 0.525074 -0.837765
81.5367 7.66216 0.525074 -0.837765
81.5867 7.66216 0.525074 -0.837765
81.6367 7.63393 0.479082 -0.757504
81.6867 7.63393 0.479082 -0.757504
81.7367 7.63393 0.479082 -0.757504
81.7867 7.63393 0.479082 -0.757504
81.8367 7.63393 0.479082 -0.757504
81.8867 7.63393 0.479082 -0.757504
81.9367 7.63393 0.479082 -0.757504
81.9867 7.64223 0.36333 -0.807844
82.0367 7.64223 0.36333 -0.807844
82.0867 7.64223 0.36333 -0.807844
82.1367 7.6703 0.245093 -0.683883
82.1867 7.6703 0.245093 -0.683883
82.2367 7.70609 0.100427 -0.665657
82.2867 7.70609 0.100427 -0.665657
82.3367 7.70609 0.100427 -0.665657
82.3867 7.72268 0.00291204 -0.672437
82.4367 7.74021 -0.0769964 -0.714004
82.4867 7.72795 -0.133157 -0.652035
82.5367 7.72851 -0.176487 -0.65075
82.5867 7.72048 -0.218111 -0.600007
82.6367 7.71026 -0.231832 -0.532564
82.6867 7.71213 -0.227794 -0.5062
82.7367 7.71213 -0.227794 -0.5062
82.7867 7.70532 -0.207213 -0.497837
82.8367 7.69611 -0.168637 -0.447746
82.8867 7.69347 -0.122459 -0.415321
82.9367 7.6857 -0.079832 -0.383518
82.9867 7.6757 -0.0208998 -0.333623
83.0367 7.65067 0.0148077 -0.293395
83.0867 7.63719 0.0355168 -0.298558
83.1367 7.60249 0.0330312 -0.288008
83.1867 7.56224 -0.00438211 -0.32671
83.2367 7.51585 -0.0324623 -0.304308
83.2867 7.50133 -0.0568675 -0.298764
83.3367 7.48654 -0.101518 -0.286618
83.3867 7.47518 -0.16667 -0.311447
83.4367 7.46898 -0.207825 -0.261225
83.4867 7.45646 -0.27678 -0.214345
83.5367 7.4249 -0.391019 -0.212337
83.5867 7.40382 -0.494033 -0.172562
83.6367 7.37822 -0.605999 -0.0910644
83.6867 7.34983 -0.741763 -0.0187426
83.7367 7.32558 -0.877519 0.0435766
83.7867 7.29273 -1.01522 0.122317
83.8367 7.26035 -1.13404 0.190102
83.8867 7.22589 -1.24156 0.252511
83.9367 7.18481 -1.32574 0.336797
83.9867 7.15394 -1.37592 0.409232
84.0367 7.13416 -1.40667 0.447621
84.0867 7.10305 -1.43867 0.489277
84.1367 7.07219 -1.45361 0.538074
84.1867 7.05042 -1.46266 0.551261
84.2367 7.02588 -1.47037 0.562131
84.2867 7.00222 -1.46841 0.586391
84.3367 6.97798 -1.46613 0.616116
84.3867 6.94522 -1.46189 0.680518
84.4367 6.91759 -1.44906 0.719305
84.4867 6.8926 -1.4256 0.772006
84.5367 6.87342 -1.39818 0.809467
84.5867 6.84885 -1.39199 0.824057
84.6367 6.82392 -1.38378 0.829641
84.6867 6.79416 -1.38684 0.824236
84.7367 6.7725 -1.38454 0.82143
84.7867 6.75059 -1.39644 0.817508
84.8367 6.72618 -1.41543 0.819464
84.8867 6.70075 -1.44843 0.799088
84.9367 6.67386 -1.47815 0.794242
84.9867 6.65406 -1.49846 0.778737
85.0367 6.62572 -1.5163 0.785096
85.0867 6.58796 -1.53064 0.829021
85.1367 6.55217 -1.56211 0.87722
85.1867 6.50532 -1.59882 0.956441
85.2367 6.45448 -1.64862 1.03191
85.2867 6.40587 -1.70753 1.10152
85.3367 6.33703 -1.7855 1.18767
85.3867 6.27485 -1.88883 1.25139
85.4367 6.22995 -1.98699 1.28582
85.4867 6.16869 -2.0773 1.33668
85.5367 6.12182 -2.15648 1.36439
85.5867 6.07715 -2.21375 1.38849
85.6367 6.03708 -2.26478 1.41312
85.6867 6.0036 -2.31733 1.40497
85.7367 5.96954 -2.35578 1.39379
85.7867 5.94525 -2.37971 1.3965
85.8367 5.90473 -2.40267 1.42892
85.8867 5.87836 -2.41935 1.45894
85.9367 5.84027 -2.43018 1.4963
85.9867 5.81371 -2.43269 1.51759
86.0367 5.80401 -2.42499 1.52537
86.0867 5.78688 -2.40918 1.55103
86.1367 5.76759 -2.39101 1.57778
86.1867 5.75256 -2.37737 1.61187
86.2367 5.72725 -2.376 1.64192
86.2867 5.70624 -2.38483 1.65873
86.3367 5.69745 -2.40891 1.64981
86.3867 5.67026 -2.44182 1.64881
86.4367 5.64968 -2.47536 1.6374
86.4867 5.62242 -2.51312 1.63989
86.5367 5.62891 -2.53422 1.615
86.5867 5.62111 -2.57216 1.57652
86.6367 5.61528 -2.61747 1.53129
86.6867 5.60616 -2.64814 1.51504
86.7367 5.60067 -2.66724 1.5092
86.7867 5.58955 -2.68672 1.51011
86.8367 5.57887 -2.70255 1.52383
86.8867 5.58247 -2.71643 1.52392
86.9367 5.57055 -2.73446 1.53165
86.9867 5.57668 -2.74503 1.5231
87.0367 5.5803 -2.76695 1.49446
87.0867 5.59528 -2.78745 1.45009
87.1367 5.63259 -2.78531 1.39068
87.1867 5.65336 -2.77999 1.3468
87.2367 5.68735 -2.74693 1.31684
87.2867 5.71493 -2.70433 1.29942
87.3367 5.76251 -2.62701 1.29115
87.3867 5.77988 -2.55994 1.32604
87.4367 5.82747 -2.4435 1.31284
87.4867 5.86306 -2.33492 1.29961
87.5367 5.89544 -2.22135 1.30675
87.5867 5.86802 -2.14104 1.31703
87.6367 5.87472 -2.05343 1.32365
87.6867 5.89765 -1.95647 1.31502
87.7367 5.91706 -1.86207 1.31392
87.7867 5.94364 -1.76929 1.29659
87.8367 5.96568 -1.67811 1.2782
87.8867 5.99522 -1.57924 1.24711
87.9367 6.00403 -1.50067 1.24645
87.9867 6.04607 -1.38215 1.20385
88.0367 6.06119 -1.2855 1.19558
88.0867 6.07453 -1.18436 1.15219
88.1367 6.09664 -1.09711 1.13
88.1867 6.11252 -1.02299 1.11731
88.2367 6.1259 -0.951921 1.1049
88.2867 6.14021 -0.88867 1.08904
88.3367 6.14036 -0.84432 1.07961
88.3867 6.1497 -0.813995 1.05686
88.4367 6.14818 -0.786167 1.03312
88.4867 6.14968 -0.754854 1.00195
88.5367 6.15371 -0.724391 0.972351
88.5867 6.16422 -0.657347 0.947225
88.6367 6.16295 -0.605696 0.959629
88.6867 6.16585 -0.546183 0.956093
88.7367 6.162 -0.486172 0.974044
88.7867 6.15351 -0.418386 0.999598
88.8367 6.14415 -0.341363 1.01986
88.8867 6.14422 -0.254591 1.00272
88.9367 6.14121 -0.164688 1.01876
88.9867 6.13683 -0.0868979 1.01915
89.0367 6.12336 -0.0018062 1.03332
89.0867 6.1121 0.0825446 1.05744
89.1367 6.11214 0.1822 0.937959
89.1867 6.09763 0.271626 0.949955
89.2367 6.08723 0.357225 0.958585
89.2867 6.08723 0.357225 0.958585
89.3367 6.07456 0.432684 0.985643
89.3867 6.05617 0.513914 1.06386
89.4367 6.04361 0.557609 1.07907
89.4867 6.03214 0.587023 1.098
89.5367 6.02116 0.59859 1.14493
89.5867 5.99428 0.599703 1.22281
89.6367 5.9727 0.604882 1.30545
89.6867 5.95607 0.608558 1.36027
89.7367 5.93493 0.623574 1.41204
89.7867 5.92037 0.654881 1.4413
89.8367 5.91987 0.690422 1.44641
89.8867 5.89726 0.745118 1.46696
89.9367 5.88131 0.804942 1.47589
89.9867 5.86798 0.865401 1.47739
90.0367 5.83 0.931843 1.52462
90.0867 5.81273 1.00097 1.54998
90.1367 5.78618 1.07864 1.57845
90.1867 5.76517 1.16546 1.60179
90.2367 5.72739 1.27827 1.64048
90.2867 5.70256 1.40343 1.65961
90.3367 5.67908 1.52332 1.67002
90.3867 5.64843 1.64899 1.69286
90.4367 5.5931 1.77208 1.72346
90.4867 5.51366 1.89523 1.78323
90.5367 5.46732 2.01532 1.80317
90.5867 5.44112 2.12906 1.83005
90.6367 5.37821 2.26273 1.86534
90.6867 5.33703 2.38487 1.90029
90.7367 5.27126 2.50363 1.94918
90.7867 5.21461 2.63299 1.95539
90.8367 5.13872 2.74345 1.99246
90.8867 5.11764 2.82292 2.00684
90.9367 5.0857 2.88426 2.02165
90.9867 5.05713 2.92769 2.03925
91.0367 5.10368 2.94676 2.06626
91.0867 5.10867 2.95905 2.08423
91.1367 5.09994 2.9896 2.08967
91.1867 5.09172 2.99007 2.11026
91.2367 5.1079 3.0016 2.12236
91.2867 5.12082 3.01359 2.13486
91.3367 5.13207 3.00441 2.2139
91.3867 5.05072 3.05584 2.24308
91.4367 5.03806 3.10245 2.29035
91.4867 4.96885 3.22382 2.23063
91.5367 4.90402 3.32641 2.1855
91.5867 4.92302 3.4133 2.1542
91.6367 4.90586 3.49823 2.13222
91.6867 4.89427 3.56857 2.12929
91.7367 4.90337 3.65301 2.11582
91.7867 4.91545 3.73411 2.11974
91.8367 4.9116 3.80293 2.17128
91.8867 4.89135 3.87746 2.20451
91.9367 4.85768 3.94264 2.24449
91.9867 4.84568 4.00187 2.27318
92.0367 4.80845 4.04822 2.30878
92.0867 4.78686 4.09574 2.33683
92.1367 4.79143 4.12921 2.41691
92.1867 4.7372 4.17381 2.48067
92.2367 4.71701 4.24377 2.51641
92.2867 4.67491 4.29599 2.57312
92.3367 4.64534 4.33788 2.65377
92.3867 4.59102 4.38147 2.73764
92.4367 4.49885 4.42571 2.82331
92.4867 4.41852 4.47475 2.89088
92.5367 4.34506 4.51794 2.96306
92.5867 4.25003 4.56167 3.01389
92.6367 4.17289 4.59664 3.05781
92.6867 4.03999 4.5915 3.12487
92.7367 4.03999 4.5915 3.12487
92.7867 4.08903 4.58884 3.20901
92.8367 4.08154 4.6123 3.24812
92.8867 4.08101 4.65637 3.24044
92.9367 4.05331 4.67174 3.26938
92.9867 4.02675 4.71455 3.25836
93.0367 4.00404 4.75008 3.25121
93.0867 4.04722 4.81752 3.20196
93.1367 4.04722 4.81752 3.20196
93.1867 4.04986 4.90046 3.12522
93.2367 4.00437 4.91582 3.09334
93.2867 4.00437 4.91582 3.09334
93.3367 3.96741 4.96306 3.00873
93.3867 3.97377 4.99402 2.96005
93.4367 3.97506 5.00333 2.92267
93.4867 3.99691 5.03125 2.87248
93.5367 4.03109 5.05738 2.83463
93.5867 4.00285 5.06208 2.81049
93.6367 4.06832 5.0871 2.79568
93.6867 4.18273 5.12379 2.80422
93.7367 4.20639 5.12812 2.81063
93.7867 4.24235 5.14156 2.81281
93.8367 4.23583 5.12268 2.84343
93.8867 4.19153 5.1181 2.84943
93.9367 4.21336 5.11837 2.8639
93.9867 4.17029 5.10896 2.86029
94.0367 4.12793 5.08195 2.87947
94.0867 4.16376 5.09372 2.89195
94.1367 4.17335 5.1236 2.87046
94.1867 4.17936 5.13563 2.87331
94.2367 4.1828 5.15662 2.86544
94.2867 4.21274 5.17737 2.88572
94.3367 4.22121 5.19994 2.89961
94.3867 4.20867 5.22359 2.91909
94.4367 4.21992 5.25659 2.92954
94.4867 4.17652 5.2846 2.93385
94.5367 4.16669 5.32701 2.94469
94.5867 4.1126 5.37029 2.94096
94.6367 4.07749 5.40539 2.97854
94.6867 4.0795 5.45243 3.01053
94.7367 4.08794 5.47987 3.0731
94.7867 4.01114 5.48646 3.11666
94.8367 4.03465 5.52239 3.16433
94.8867 4.03127 5.5501 3.18329
94.9367 4.03961 5.56249 3.23839
94.9867 4.0376 5.56783 3.28547
95.0367 3.98422 5.54093 3.35371
95.0867 3.93037 5.53117 3.3952
95.1367 3.84593 5.51531 3.46673
95.1867 3.79795 5.5422 3.48357
95.2367 3.68335 5.57443 3.46468
95.2867 3.63886 5.65718 3.41878
95.3367 3.60292 5.75838 3.35645
95.3867 3.60522 5.84143 3.33251
95.4367 3.5857 5.92602 3.28976
95.4867 3.5857 5.92602 3.28976
95.5367 3.52119 5.96955 3.26416
95.5867 3.53697 6.01926 3.24218
95.6367 3.54832 6.06231 3.20685
95.6867 3.59306 6.09342 3.17322
95.7367 3.6277 6.10338 3.13078
95.7867 3.68754 6.12226 3.07928
95.8367 3.7883 6.13537 3.02866
95.8867 3.86718 6.1466 2.97368
95.9367 3.92363 6.15791 2.90027
95.9867 3.99521 6.16223 2.81724
96.0367 4.0543 6.14942 2.73211
96.0867 4.13406 6.13427 2.64674
96.1367 4.1868 6.10081 2.57621
96.1867 4.28891 6.077 2.49293
96.2367 4.37199 6.03611 2.4367
96.2867 4.45294 6.00088 2.3625
96.3367 4.52594 5.96825 2.29485
96.3867 4.62062 5.94331 2.25189
96.4367 4.68066 5.93237 2.1924
96.4867 4.7447 5.922 2.14652
96.5367 4.77972 5.93319 2.08368
96.5867 4.82185 5.95192 2.01064
96.6367 4.84982 5.97378 1.93861
96.6867 4.85955 6.00945 1.86519
96.7367 4.84684 6.05625 1.78675
96.7867 4.83608 6.09687 1.74482
96.8367 4.81118 6.13096 1.74431
96.8867 4.77969 6.13202 1.8355
96.9367 4.78644 6.12613 1.95257
96.9867 4.75557 6.12271 2.03372
97.0367 4.73552 6.10801 2.13706
97.0867 4.73434 6.09185 2.24323
97.1367 4.70641 6.08346 2.31467
97.1867 4.69241 6.09467 2.37132
97.2367 4.66431 6.10225 2.41537
97.2867 4.65045 6.12565 2.45132
97.3367 4.63077 6.14181 2.47758
97.3867 4.59693 6.16756 2.48123
97.4367 4.55055 6.20817 2.4645
97.4867 4.5223 6.25588 2.4395
97.5367 4.49659 6.30295 2.39877
97.5867 4.47118 6.34083 2.37782
97.6367 4.46284 6.378 2.34947
97.6867 4.46715 6.41355 2.30667
97.7367 4.48214 6.44683 2.24612
97.7867 4.46858 6.48342 2.17665
97.8367 4.46438 6.51425 2.12251
97.8867 4.46631 6.54715 2.07319
97.9367 4.46764 6.57242 2.05041
97.9867 4.45406 6.59708 2.02997
98.0367 4.40897 6.61742 2.02202
98.0867 4.38485 6.63635 2.04507
98.1367 4.32421 6.62111 2.13404
98.1867 4.23879 6.60235 2.24428
98.2367 4.20007 6.57211 2.38143
98.2867 4.21018 6.54218 2.53698
98.3367 4.18348 6.51468 2.65615
98.3867 4.16482 6.49261 2.75041
98.4367 4.11802 6.47655 2.81319
98.4867 4.08086 6.48851 2.83447
98.5367 4.07123 6.52961 2.79309
98.5867 4.02612 6.58895 2.71909
98.6367 3.94873 6.61669 2.69614
98.6867 3.91557 6.6713 2.62751
98.7367 3.88267 6.70615 2.61274
98.7867 3.85693 6.73503 2.61166
98.8367 3.83342 6.7563 2.61667
98.8867 3.83278 6.74897 2.65383
98.9367 3.81132 6.76404 2.63876
98.9867 3.82594 6.77493 2.62024
99.0367 3.85704 6.78182 2.59759
99.0867 3.87621 6.79598 2.55253
99.1367 3.87144 6.80235 2.5207
99.1867 3.89182 6.81275 2.48089
99.2367 3.93314 6.82256 2.45962
99.2867 3.94408 6.83462 2.43422
99.3367 3.95564 6.84496 2.42635
99.3867 3.96285 6.83993 2.4506
99.4367 3.96849 6.85721 2.44121
99.4867 3.93893 6.86316 2.46256
99.5367 3.92459 6.86799 2.48658
99.5867 3.92453 6.86837 2.52669
99.6367 3.93881 6.87476 2.56386
99.6867 3.94277 6.88322 2.59705
99.7367 3.92868 6.89113 2.64041
99.7867 3.90946 6.90154 2.682
99.8367 3.89032 6.91651 2.71374
99.8867 3.83967 6.9399 2.73394
99.9367 3.83112 6.97368 2.73825
99.9867 3.77182 7.0256 2.71272
100.037 3.74346 7.0599 2.71993
100.087 3.68826 7.09563 2.71713
100.137 3.61243 7.13165 2.70802
100.187 3.57546 7.16638 2.6926
100.237 3.55238 7.20539 2.6553
100.287 3.51222 7.25101 2.55895
100.337 3.52456 7.28813 2.4639
100.387 3.54755 7.3157 2.36425
100.437 3.54841 7.32001 2.27715
100.487 3.58987 7.2997 2.21401
100.537 3.64852 7.26115 2.17064
100.587 3.72741 7.20573 2.13676
100.637 3.81076 7.14702 2.09335
100.687 3.9824 7.09323 2.05019
100.737 4.09833 7.02279 2.01025
100.787 4.23764 6.95458 1.95257
100.837 4.38052 6.8839 1.8825
100.887 4.47685 6.81582 1.81099
100.937 4.56701 6.7434 1.74665
100.987 4.66407 6.66325 1.68928
101.037 4.75672 6.59904 1.61253
101.087 4.82908 6.5413 1.53969
101.137 4.89652 6.49293 1.46731
101.187 4.95823 6.45785 1.38919
101.237 4.99903 6.43047 1.33279
101.287 5.0299 6.41592 1.28091
101.337 5.04234 6.40737 1.25052
101.387 5.04224 6.40609 1.21774
101.437 5.03254 6.41454 1.19571
101.487 5.00017 6.42684 1.18506
101.537 4.97112 6.43888 1.19198
101.587 4.92859 6.46418 1.18482
101.637 4.89274 6.48255 1.2237
101.687 4.8359 6.5013 1.256
101.737 4.78068 6.5285 1.28526
101.787 4.7349 6.54862 1.31195
101.837 4.69206 6.56597 1.34791
101.887 4.63169 6.58269 1.37431
101.937 4.58881 6.59003 1.41636
101.987 4.55094 6.60538 1.44398
102.037 4.50181 6.60317 1.50616
102.087 4.45068 6.62387 1.49877
102.137 4.40399 6.62278 1.54877
102.187 4.35564 6.62745 1.57229
102.237 4.31497 6.62234 1.612
102.287 4.27932 6.62151 1.64994
102.337 4.24923 6.62674 1.67107
102.387 4.19853 6.63506 1.68828
102.437 4.15862 6.63454 1.71845
102.487 4.11152 6.63477 1.73462
102.537 4.07369 6.64188 1.7386
102.587 4.03275 6.64971 1.72215
102.637 3.97877 6.65265 1.71883
102.687 3.93953 6.65236 1.71615
102.737 3.90424 6.633 1.75203
102.787 3.8871 6.60598 1.78962
102.837 3.8692 6.57373 1.84344
102.887 3.86235 6.53789 1.90064
102.937 3.92299 6.50419 1.9584
102.987 3.88621 6.48204 2.01723
103.037 3.85898 6.45838 2.09794
103.087 3.79582 6.46218 2.10853
103.137 3.77063 6.47347 2.05848
103.187 3.72953 6.48606 1.97577
103.237 3.75478 6.48443 1.90631
103.287 3.74265 6.47975 1.84608
103.337 3.75919 6.46506 1.79857
103.387 3.8285 6.44614 1.76102
103.437 3.85857 6.42638 1.74906
103.487 3.86946 6.41009 1.73854
103.537 3.90805 6.38138 1.75621
103.587 3.90837 6.3536 1.79895
103.637 3.88447 6.33421 1.8375
103.687 3.92231 6.2852 1.90941
103.737 3.97676 6.25001 1.89952
103.787 3.99421 6.22926 1.84456
103.837 4.01068 6.21019 1.7721
103.887 4.02718 6.18948 1.7189
103.937 4.05037 6.15809 1.68548
103.987 4.07913 6.12761 1.68587
104.037 4.0912 6.09309 1.68294
104.087 4.09676 6.04937 1.72702
104.137 4.1252 6.02823 1.72275
104.187 4.10012 5.98628 1.73262
104.237 4.11298 5.95532 1.7422
104.287 4.12859 5.92387 1.73979
104.337 4.14568 5.89784 1.72286
104.387 4.15987 5.87005 1.70564
104.437 4.14702 5.83561 1.69795
104.487 4.1573 5.8085 1.68415
104.537 4.16496 5.77795 1.67625
104.587 4.18173 5.7504 1.67651
104.637 4.20387 5.71711 1.68326
104.687 4.22258 5.67715 1.69979
104.737 4.24538 5.62945 1.73632
104.787 4.26525 5.57958 1.76499
104.837 4.28432 5.52986 1.79483
104.887 4.30858 5.47875 1.83256
104.937 4.33789 5.42763 1.85364
104.987 4.40693 5.38084 1.86079
105.037 4.40693 5.38084 1.86079
105.087 4.47343 5.3514 1.84642
105.137 4.5156 5.34204 1.79605
105.187 4.53266 5.33444 1.73728
105.237 4.53658 5.3381 1.67444
105.287 4.56324 5.33834 1.60786
105.337 4.59187 5.33094 1.56413
105.387 4.63311 5.32779 1.5083
105.437 4.6931 5.31437 1.49158
105.487 4.76364 5.30073 1.44047
105.537 4.78478 5.27389 1.43391
105.587 4.84412 5.25001 1.43012
105.637 4.86939 5.22694 1.42528
105.687 4.85997 5.20699 1.42222
105.737 4.8661 5.19554 1.42309
105.787 4.89213 5.18756 1.4016
105.837 4.87196 5.19547 1.38647
105.887 4.8545 5.20161 1.36147
105.937 4.82571 5.20914 1.32734
105.987 4.78185 5.2133 1.29577
106.037 4.77403 5.20644 1.29549
106.087 4.7654 5.20588 1.24465
106.137 4.76593 5.19448 1.22545
106.187 4.74373 5.17777 1.24331
106.237 4.76899 5.15175 1.25026
106.287 4.79816 5.13336 1.23507
106.337 4.80361 5.11384 1.21386
106.387 4.81266 5.09056 1.22282
106.437 4.81405 5.07429 1.22785
106.487 4.81324 5.04195 1.27973
106.537 4.85151 5.01444 1.35102
106.587 4.82884 4.98172 1.42954
106.637 4.85715 4.95468 1.45057
106.687 4.88004 4.93759 1.44974
106.737 4.89384 4.90738 1.49346
106.787 4.92165 4.84764 1.58064
106.837 4.9713 4.77153 1.69576
106.887 5.02092 4.70885 1.79285
106.937 5.06031 4.65609 1.82897
106.987 5.12714 4.59414 1.86985
107.037 5.15636 4.56302 1.86211
107.087 5.24401 4.53261 1.82808
107.137 5.34791 4.51425 1.75445
107.187 5.34791 4.51425 1.75445
107.237 5.44508 4.48547 1.73768
107.287 5.48796 4.46354 1.68769
107.337 5.59688 4.41605 1.72356
107.387 5.70758 4.3731 1.8008
107.437 5.77613 4.33444 1.86316
107.487 5.77613 4.33444 1.86316
107.537 5.77613 4.33444 1.86316
107.587 5.90078 4.26907 1.83282
107.637 5.90078 4.26907 1.83282
107.687 6.00924 4.20902 1.74697
107.737 6.03464 4.13908 1.76886
107.787 6.11565 4.0356 1.7891
107.837 6.10598 3.9999 1.8035
107.887 6.13343 3.84862 1.83396
107.937 6.19865 3.72652 1.94614
107.987 6.24455 3.62114 2.0392
108.037 6.36646 3.59564 1.95295
108.087 6.36646 3.59564 1.95295
108.137 6.35369 3.52937 2.01253
108.187 6.39137 3.409 2.05787
108.237 6.46519 3.37029 1.99978
108.287 6.47828 3.33926 2.03773
108.337 6.5134 3.22578 1.98566
108.387 6.6129 3.17808 1.88531
108.437 6.54934 3.18032 1.89274
108.487 6.661 3.05271 1.78089
108.537 6.6975 2.95707 1.70227
108.587 6.73608 2.95239 1.64902
108.637 6.82524 2.86586 1.51465
108.687 6.8525 2.8241 1.5091
108.737 6.89257 2.8288 1.44818
108.787 6.93083 2.78059 1.43767
108.837 6.93314 2.73126 1.43709
108.887 6.93591 2.74327 1.46991
108.937 6.90826 2.72906 1.51842
108.987 6.87994 2.76751 1.58794
109.037 7.05482 2.74562 1.49794
109.087 7.05482 2.74562 1.49794
109.137 7.05482 2.74562 1.49794
109.187 7.15791 2.7751 1.42318
109.237 7.17815 2.78702 1.4703
109.287 7.27066 2.72381 1.48787
109.337 7.27066 2.72381 1.48787
109.387 7.28121 2.72646 1.54478
109.437 7.20538 2.74979 1.65257
109.487 7.16364 2.79916 1.6828
109.537 7.14614 2.83391 1.70432
109.587 7.19514 2.85436 1.6651
109.637 7.1673 2.87164 1.7232
109.687 7.18153 2.85233 1.79582
109.737 7.2834 2.80318 1.79317
109.787 7.39812 2.76196 1.77599
109.837 7.49048 2.69844 1.79428
109.887 7.49048 2.69844 1.79428
109.937 7.57506 2.64687 1.74149
109.987 7.61287 2.57432 1.783
110.037 7.61287 2.57432 1.783
110.087 7.61287 2.57432 1.783
110.137 7.61287 2.57432 1.783
110.187 7.61287 2.57432 1.783
110.237 7.64663 2.50093 1.90537
110.287 7.57705 2.51037 1.98916
110.337 7.68647 2.49856 1.94528
110.387 7.67942 2.51298 1.99223
110.437 7.75384 2.5222 2.00314
110.487 7.69781 2.57793 2.06175
110.537 7.69781 2.57793 2.06175
110.587 7.677 2.66512 2.0704
110.637 7.7211 2.71805 2.13589
110.687 7.73617 2.79803 2.15894
110.737 7.81066 2.88129 2.12578
110.787 7.81066 2.88129 2.12578
110.837 7.81066 2.88129 2.12578
110.887 7.89105 3.00326 2.0519
110.937 7.89408 3.04597 2.15505
110.987 7.87661 3.14334 2.17504
111.037 7.84106 3.2431 2.21445
111.087 7.84106 3.2431 2.21445
111.137 7.83355 3.36786 2.18223
111.187 7.83355 3.36786 2.18223
111.237 7.88798 3.46605 2.12544
111.287 7.98472 3.57477 2.01654
111.337 7.98472 3.57477 2.01654
111.387 7.97631 3.6332 2.10418
111.437 7.93304 3.68662 2.23416
111.487 7.93304 3.68662 2.23416
111.537 7.88893 3.76662 2.29481
111.587 7.83452 3.89012 2.26773
111.637 7.79114 3.96544 2.32633
111.687 7.76533 3.99454 2.40163
111.737 7.72279 4.06539 2.43126
111.787 7.72279 4.06539 2.43126
111.837 7.68743 4.1623 2.42052
111.887 7.63751 4.23806 2.49064
111.937 7.68222 4.34956 2.37735
111.987 7.64883 4.34363 2.52084
112.037 7.63346 4.33546 2.6035
112.087 7.63084 4.39175 2.54339
112.137 7.59822 4.39656 2.58271
112.187 7.63843 4.36707 2.64311
112.237 7.66332 4.28001 2.77339
112.287 7.67056 4.23292 2.81966
112.337 7.67056 4.23292 2.81966
112.387 7.742 4.23371 2.7069
112.437 7.78947 4.24894 2.62661
112.487 7.79037 4.23001 2.6548
112.537 7.76013 4.19825 2.74894
112.587 7.68949 4.21408 2.81989
112.637 7.63313 4.24191 2.87788
112.687 7.55489 4.29841 2.90516
112.737 7.46361 4.35784 2.90218
112.787 7.32236 4.46344 2.79303
112.837 7.28197 4.49508 2.78918
112.887 7.22236 4.57642 2.68584
112.937 7.20614 4.60035 2.66727
112.987 7.14652 4.57425 2.73709
113.037 7.10707 4.58729 2.74464
113.087 7.17266 4.56231 2.82488
113.137 7.17861 4.54416 2.90418
113.187 7.15769 4.55807 2.92696
113.237 7.15769 4.55807 2.92696
113.287 7.15769 4.55807 2.92696
113.337 7.14574 4.52961 2.98765
113.387 7.16394 4.505 3.01869
113.437 7.15996 4.48786 3.03508
113.487 7.15996 4.48786 3.03508
113.537 7.12366 4.43265 3.07874
113.587 7.0897 4.45381 2.99121
113.637 7.12012 4.44553 2.9695
113.687 7.11904 4.45616 2.95223
113.737 7.08749 4.50203 2.90458
113.787 7.08136 4.55608 2.86818
113.837 7.10198 4.53523 2.96585
113.887 7.10198 4.53523 2.96585
113.937 6.99999 4.62892 2.90562
113.987 7.03451 4.69241 2.86885
114.037 6.91175 4.69611 2.91774
114.087 6.83794 4.76753 2.8583
114.137 6.83794 4.76753 2.8583
114.187 6.83794 4.76753 2.8583
114.237 6.83794 4.76753 2.8583
114.287 6.81853 4.719 2.94027
114.337 6.89692 4.73413 2.90773
114.387 6.88991 4.68255 3.01323
114.437 6.89214 4.7 2.98971
114.487 6.90192 4.73323 2.95754
114.537 6.93067 4.74722 2.95633
114.587 6.95611 4.75363 2.97326
114.637 6.96693 4.79242 2.9552
114.687 7.00526 4.8035 2.97597
114.737 7.03382 4.8327 2.96709
114.787 7.04472 4.86357 2.97172
114.837 7.02322 4.88191 3.00335
114.887 7.00815 4.91952 3.03166
114.937 6.97706 4.94553 3.07379
114.987 6.95166 4.98631 3.08893
115.037 6.92096 5.02852 3.09402
115.087 6.90245 5.06004 3.09461
115.137 6.88004 5.0947 3.08846
115.187 6.85762 5.12561 3.07078
115.237 6.86098 5.12928 3.08728
115.287 6.86126 5.15466 3.09674
115.337 6.84858 5.1832 3.10031
115.387 6.83227 5.19846 3.12729
115.437 6.81633 5.23283 3.12375
115.487 6.80341 5.26017 3.12839
115.537 6.79294 5.29082 3.13052
115.587 6.76651 5.34003 3.12094
115.637 6.73753 5.37264 3.1286
115.687 6.73136 5.40691 3.1276
115.737 6.69454 5.43314 3.15292
115.787 6.70311 5.4706 3.14641
115.837 6.67882 5.51114 3.14416
115.887 6.6583 5.54936 3.14646
115.937 6.62065 5.60536 3.13032
115.987 6.59898 5.65361 3.11677
116.037 6.58108 5.69462 3.10762
116.087 6.54823 5.73663 3.10201
116.137 6.5352 5.77007 3.09345
116.187 6.53555 5.79056 3.10096
116.237 6.49537 5.80683 3.13278
116.287 6.49439 5.79452 3.18128
116.337 6.53468 5.77715 3.20187
116.387 6.57601 5.75443 3.21313
116.437 6.65016 5.72381 3.21227
116.487 6.73969 5.68603 3.19156
116.537 6.86361 5.63626 3.15366
116.587 6.97376 5.59809 3.08573
116.637 7.11548 5.55504 2.99289
116.687 7.23449 5.51521 2.88837
116.737 7.3167 5.50492 2.75112
116.787 7.42165 5.4713 2.62764
116.837 7.49515 5.44045 2.5162
116.887 7.56849 5.41893 2.41558
116.937 7.59548 5.30991 2.3709
116.987 7.59548 5.30991 2.3709
117.037 7.60213 5.22841 2.35427
117.087 7.6166 5.15675 2.31795
117.137 7.64446 5.12206 2.26052
117.187 7.64318 5.04474 2.24636
117.237 7.65761 4.96098 2.23103
117.287 7.65262 4.891 2.23686
117.337 7.67171 4.81617 2.22788
117.387 7.69055 4.71844 2.23735
117.437 7.74412 4.58573 2.2605
117.487 7.78018 4.45779 2.26949
117.537 7.78131 4.37647 2.26783
117.587 7.82431 4.3067 2.27606
117.637 7.83056 4.23783 2.28402
117.687 7.83241 4.18858 2.2765
117.737 7.82939 4.1299 2.28495
117.787 7.83011 4.05975 2.28916
117.837 7.85059 3.97056 2.3155
117.887 7.8482 3.8947 2.33719
117.937 7.8408 3.82074 2.39635
117.987 7.81745 3.78093 2.44497
118.037 7.79216 3.76688 2.47642
118.087 7.77736 3.75769 2.49707
118.137 7.76578 3.76285 2.49832
118.187 7.74147 3.78814 2.48679
118.237 7.70105 3.78618 2.51875
118.287 7.70053 3.76554 2.52293
118.337 7.68342 3.74804 2.54785
118.387 7.65712 3.71753 2.59438
118.437 7.64736 3.67917 2.63157
118.487 7.59624 3.67094 2.66764
118.537 7.59055 3.67498 2.65417
118.587 7.58424 3.67842 2.63429
118.637 7.58022 3.67722 2.61606
118.687 7.59917 3.66734 2.56814
118.737 7.60545 3.65436 2.55281
118.787 7.608 3.64693 2.54789
118.837 7.59355 3.64319 2.55711
118.887 7.58628 3.60941 2.59229
118.937 7.56804 3.58219 2.63472
118.987 7.53291 3.54675 2.707
119.037 7.53291 3.54675 2.707
119.087 7.48216 3.47566 2.86689
119.137 7.42716 3.39416 3.04974
119.187 7.3619 3.33575 3.18609
119.237 7.34503 3.28342 3.23998
119.287 7.36319 3.21957 3.24029
119.337 7.37557 3.12758 3.27218
119.387 7.37475 3.04959 3.30517
119.437 7.37127 2.98374 3.31701
119.487 7.43284 2.90904 3.2501
119.537 7.46788 2.83359 3.19005
119.587 7.48083 2.77897 3.12548
119.637 7.49547 2.7209 3.05539
119.687 7.49351 2.66279 3.01864
119.737 7.49942 2.58238 3.00636
119.787 7.51419 2.5187 2.9738
119.837 7.5204 2.47458 2.95714
119.887 7.51261 2.41882 2.96281
119.937 7.49953 2.34773 2.98508
119.987 7.5001 2.272 3.00543
120.037 7.49632 2.18995 3.0325
120.087 7.51222 2.11317 3.02486
120.137 7.52594 2.0366 3.02328
120.187 7.54039 1.9552 3.0238
120.237 7.54645 1.86995 3.03847
120.287 7.57576 1.76519 3.03584
120.337 7.61522 1.61686 3.02766
120.387 7.653 1.44609 3.0153
120.437 7.70095 1.2567 2.98881
120.487 7.77146 1.06638 2.9409
120.537 7.82604 0.874117 2.89581
120.587 7.86559 0.720839 2.85809
120.637 7.892 0.558402 2.8415
120.687 7.8943 0.384934 2.84862
120.737 7.91114 0.216788 2.82725
120.787 7.92717 0.0507181 2.82021
120.837 7.93422 -0.0948274 2.82275
120.887 7.96567 -0.246062 2.8228
120.937 7.97664 -0.408327 2.83105
120.987 7.98826 -0.587495 2.84387
121.037 7.96984 -0.719487 2.89995
121.087 7.95124 -0.862063 2.94342
121.137 7.86255 -0.967094 3.04004
121.187 7.8104 -1.08131 3.11556
121.237 7.70182 -1.22398 3.19482
121.287 7.58499 -1.36511 3.23153
121.337 7.44912 -1.54166 3.26261
121.387 7.36371 -1.72373 3.28246
121.437 7.29417 -1.91578 3.25829
121.487 7.18923 -2.10045 3.25518
121.537 7.09355 -2.30561 3.24256
121.587 7.00059 -2.49829 3.24527
121.637 6.89073 -2.69655 3.27567
121.687 6.77051 -2.88351 3.30661
121.737 6.66824 -3.05719 3.34333
121.787 6.56453 -3.22671 3.38916
121.837 6.47876 -3.37502 3.4241
121.887 6.40625 -3.53506 3.43346
121.937 6.3473 -3.66571 3.47581
121.987 6.28854 -3.77637 3.5309
122.037 6.2132 -3.87984 3.57939
122.087 6.12326 -3.98796 3.61696
122.137 6.08829 -4.09564 3.64061
122.187 6.04467 -4.18863 3.67021
122.237 5.97719 -4.29207 3.71344
122.287 5.90073 -4.38927 3.73261
122.337 5.83168 -4.47116 3.77438
122.387 5.78669 -4.52884 3.81822
122.437 5.71734 -4.59542 3.86483
122.487 5.64835 -4.62788 3.92421
122.537 5.57243 -4.7025 3.94264
122.587 5.51701 -4.77546 3.94021
122.637 5.46168 -4.87024 3.91443
122.687 5.38352 -4.94989 3.8936
122.737 5.29454 -5.04088 3.85588
122.787 5.23378 -5.10838 3.81939
122.837 5.20947 -5.17661 3.7828
122.887 5.19043 -5.21748 3.76016
122.937 5.17358 -5.19411 3.80211
122.987 5.22287 -5.1465 3.84728
123.037 5.20814 -5.08262 3.91685
123.087 5.23938 -5.02772 3.97338
123.137 5.23029 -4.97089 4.02257
123.187 5.22292 -4.92775 4.08429
123.237 5.1812 -4.91559 4.13841
123.287 5.14188 -4.91126 4.17337
123.337 5.06615 -4.90542 4.23998
123.387 4.98721 -4.93533 4.26646
123.437 4.96651 -4.98635 4.25651
123.487 4.97835 -5.03354 4.24669
123.537 4.94093 -5.06061 4.2463
123.587 4.9415 -5.08824 4.24525
123.637 4.97293 -5.10587 4.19969
123.687 4.94369 -5.1429 4.14599
123.737 4.94603 -5.15686 4.11039
123.787 4.99897 -5.19653 4.07006
123.837 4.96352 -5.2478 4.01896
123.887 4.97424 -5.31974 3.95998
123.937 4.92698 -5.39985 3.88345
123.987 4.89696 -5.47462 3.82922
124.037 4.85674 -5.52434 3.79823
124.087 4.80925 -5.57467 3.75009
124.137 4.80247 -5.57983 3.76086
124.187 4.76875 -5.58725 3.75564
124.237 4.71635 -5.60691 3.76026
124.287 4.71635 -5.60691 3.76026
124.337 4.69147 -5.59283 3.80433
124.387 4.6675 -5.58581 3.86078
124.437 4.62351 -5.55974 3.94204
124.487 4.62351 -5.55974 3.94204
124.537 4.63307 -5.50288 4.04085
124.587 4.57051 -5.44527 4.12586
124.637 4.52506 -5.37002 4.24207
124.687 4.52506 -5.37002 4.24207
124.737 4.51583 -5.30125 4.34413
124.787 4.46194 -5.19772 4.49591
124.837 4.50551 -5.14816 4.55857
124.887 4.53951 -5.14093 4.58753
124.937 4.51788 -5.20659 4.55459
124.987 4.50104 -5.22152 4.6047
125.037 4.54986 -5.09934 4.67112
125.087 4.54986 -5.09934 4.67112
125.137 4.40752 -5.16614 4.68802
125.187 4.53341 -5.1066 4.69195
125.237 4.68159 -4.99441 4.80327
125.287 4.73959 -5.02377 4.71812
125.337 4.77717 -4.96264 4.78123
125.387 4.72729 -4.93765 4.83085
125.437 5.11782 -4.6256 4.88872
125.487 4.9117 -4.79871 4.92582
125.537 4.86144 -4.71523 5.07596
125.587 4.99938 -4.69038 4.99967
125.637 5.08 -4.71258 4.95392
125.687 5.14578 -4.75407 4.86432
125.737 5.22456 -4.71183 4.93295
125.787 5.3755 -4.55073 4.95832
125.837 5.35951 -4.6272 4.91417
125.887 5.01674 -5.00941 4.83177
125.937 4.99574 -5.22264 4.65269
125.987 5.02842 -5.36268 4.5375
126.037 5.0847 -5.36361 4.50927
126.087 5.0847 -5.36361 4.50927
126.137 4.84798 -5.59157 4.46691
126.187 4.84274 -5.51772 4.60931
126.237 4.91908 -5.52226 4.5883
126.287 4.97069 -5.72954 4.31971
126.337 5.03727 -5.73398 4.28991
126.387 5.29249 -5.5833 4.33417
126.437 5.29249 -5.5833 4.33417
126.487 5.29249 -5.5833 4.33417
126.537 5.27897 -5.64563 4.36285
126.587 5.34094 -5.65102 4.35082
126.637 5.36277 -5.63108 4.42683
126.687 5.38737 -5.60599 4.45906
126.737 5.42134 -5.60837 4.45475
126.787 5.58602 -5.64399 4.30207
126.837 5.73524 -5.48908 4.45181
126.887 5.75631 -5.4071 4.56541
126.937 5.86798 -5.42187 4.54037
126.987 6.03226 -5.22522 4.67321
127.037 6.21815 -5.08424 4.68489
127.087 6.26487 -5.11104 4.65306
127.137 6.25881 -5.11385 4.66274
127.187 6.30625 -5.13695 4.60382
127.237 6.30625 -5.13695 4.60382
127.287 6.19365 -5.48177 4.33766
127.337 6.2995 -5.51973 4.15221
127.387 6.3271 -5.55846 4.00906
127.437 6.3271 -5.55846 4.00906
127.487 6.22452 -5.64793 3.85452
127.537 6.32449 -5.67277 3.69808
127.587 6.32175 -5.7337 3.51806
127.637 6.43034 -5.76644 3.3751
127.687 6.51098 -5.76508 3.28527
127.737 6.61208 -5.81228 3.18263
127.787 6.64824 -5.83174 3.09988
127.837 6.7209 -5.81208 3.07153
127.887 6.75826 -5.78519 3.06685
127.937 6.80089 -5.78021 3.08629
127.987 6.82334 -5.78424 3.09637
128.037 6.80614 -5.78545 3.12222
128.087 6.78572 -5.80602 3.1616
128.137 6.74972 -5.8123 3.20691
128.187 6.71573 -5.83795 3.2497
128.237 6.6727 -5.88626 3.27731
128.287 6.59573 -5.95248 3.32968
128.337 6.56819 -6.0022 3.36466
128.387 6.50574 -6.08289 3.36654
128.437 6.45396 -6.16901 3.32687
128.487 6.39286 -6.19169 3.34328
128.537 6.29389 -6.21806 3.35365
128.587 6.25799 -6.19819 3.40058
128.637 6.25889 -6.16529 3.46527
128.687 6.22696 -6.11768 3.56372
128.737 6.22694 -6.07803 3.64035
128.787 6.15316 -6.06506 3.74767
128.837 6.06974 -6.05529 3.8907
128.887 6.00589 -6.05075 3.98855
128.937 5.94521 -6.05373 4.03603
128.987 5.97355 -6.00806 4.06535
129.037 6.00842 -5.94996 4.06895
129.087 6.05861 -5.87317 4.08246
129.137 6.09691 -5.775 4.1156
129.187 6.10175 -5.68061 4.17584
129.237 6.12062 -5.61357 4.21188
129.287 6.12921 -5.57043 4.24805
129.337 6.11109 -5.54122 4.28858
129.387 6.12094 -5.55368 4.26705
129.437 6.14259 -5.62289 4.15595
129.487 6.14783 -5.70777 4.03601
129.537 6.15908 -5.79559 3.91565
129.587 6.1785 -5.89022 3.74786
129.637 6.19453 -5.96529 3.60792
129.687 6.24569 -6.03186 3.45996
129.737 6.27785 -6.08603 3.3254
129.787 6.32562 -6.13331 3.20368
129.837 6.36441 -6.17998 3.0945
129.887 6.39254 -6.2156 3.02634
129.937 6.42018 -6.21792 3.01149
129.987 6.42067 -6.20931 3.04764
130.037 6.41461 -6.19551 3.10323
130.087 6.42438 -6.16674 3.15713
130.137 6.44108 -6.1437 3.18324
130.187 6.45535 -6.1133 3.20618
130.237 6.45338 -6.0931 3.20117
130.287 6.46908 -6.05859 3.17093
130.337 6.51781 -6.01686 3.11428
130.387 6.57384 -5.96966 3.02897
130.437 6.60857 -5.9478 2.90795
130.487 6.63225 -5.91272 2.81375
130.537 6.66141 -5.85849 2.75159
130.587 6.70621 -5.78873 2.69365
130.637 6.72909 -5.72941 2.64545
130.687 6.75082 -5.65306 2.63248
130.737 6.77441 -5.56616 2.65539
130.787 6.81143 -5.46187 2.70462
130.837 6.85379 -5.32917 2.77714
130.887 6.87135 -5.21476 2.84391
130.937 6.88661 -5.10127 2.93465
130.987 6.90764 -4.9991 2.99267
131.037 6.92029 -4.93357 3.02728
131.087 6.93516 -4.86858 3.06143
131.137 6.93133 -4.83935 3.08534
131.187 6.90412 -4.8143 3.13367
131.237 6.88152 -4.80832 3.1543
131.287 6.85616 -4.81493 3.17951
131.337 6.82292 -4.86957 3.16281
131.387 6.78404 -4.92049 3.15707
131.437 6.73164 -4.9892 3.13635
131.487 6.70405 -5.03566 3.10863
131.537 6.69341 -5.06417 3.08205
131.587 6.68356 -5.0845 3.05782
131.637 6.68011 -5.09726 3.02358
131.687 6.70716 -5.08965 2.99689
131.737 6.74724 -5.06579 2.95526
131.787 6.79105 -5.04988 2.88032
131.837 6.86509 -5.00057 2.78675
131.887 6.95586 -4.9366 2.68335
131.937 7.06137 -4.85154 2.57271
131.987 7.18513 -4.73866 2.48326
132.037 7.30314 -4.59772 2.40759
132.087 7.4026 -4.46044 2.32875
132.137 7.52397 -4.32109 2.23009
132.187 7.59574 -4.19155 2.15734
132.237 7.64801 -4.06101 2.1106
132.287 7.66288 -3.92636 2.11038
132.337 7.75315 -3.76126 2.05588
132.387 7.79723 -3.62184 2.00282
132.437 7.85443 -3.46989 1.95516
132.487 7.91447 -3.33999 1.87496
132.537 7.95373 -3.21273 1.81511
132.587 7.99182 -3.09497 1.7605
132.637 8.02758 -2.97728 1.73091
132.687 8.05709 -2.8525 1.72065
132.737 8.0752 -2.72782 1.72225
132.787 8.09752 -2.60284 1.71852
132.837 8.11683 -2.48449 1.7058
132.887 8.13992 -2.36984 1.67168
132.937 8.15837 -2.2503 1.63468
132.987 8.19443 -2.12578 1.58227
133.037 8.24191 -2.00904 1.50476
133.087 8.27019 -1.8978 1.42281
133.137 8.30637 -1.79774 1.33276
133.187 8.34899 -1.67882 1.25622
133.237 8.37026 -1.56533 1.19397
133.287 8.38805 -1.45046 1.14502
133.337 8.39972 -1.32722 1.11316
133.387 8.41096 -1.20658 1.07989
133.437 8.42661 -1.06458 1.0774
133.487 8.4284 -0.92542 1.09745
133.537 8.44135 -0.783023 1.08703
133.587 8.44305 -0.640975 1.07839
133.637 8.45505 -0.488853 1.0532
133.687 8.45594 -0.36112 1.03412
133.737 8.45074 -0.241316 1.0134
133.787 8.44781 -0.122164 0.967561
133.837 8.44317 -0.0108618 0.928408
133.887 8.44379 0.0916202 0.849665
133.937 8.41693 0.196597 0.767692
133.987 8.37739 0.279583 0.693916
134.037 8.36019 0.350714 0.639623
134.087 8.32094 0.413279 0.625376
134.137 8.30167 0.433915 0.656415
134.187 8.25313 0.477596 0.687917
134.237 8.21512 0.489042 0.729644
134.287 8.18056 0.503845 0.788049
134.337 8.11264 0.536914 0.855175
134.387 8.04602 0.566611 0.945578
134.437 7.99438 0.588856 1.01219
134.487 7.95962 0.597507 1.04695
134.537 7.9098 0.596281 1.09603
134.587 7.89266 0.567313 1.12349
134.637 7.87416 0.535321 1.14136
134.687 7.86339 0.492495 1.17513
134.737 7.8668 0.463832 1.17878
134.787 7.87066 0.424579 1.20715
134.837 7.84927 0.388462 1.24791
134.887 7.86177 0.34588 1.2879
134.937 7.88118 0.333458 1.29312
134.987 7.87713 0.30307 1.31488
135.037 7.87571 0.276729 1.34336
135.087 7.85533 0.23803 1.39535
135.137 7.81309 0.198804 1.46508
135.187 7.77297 0.136699 1.54568
135.237 7.72393 0.0683047 1.6209
135.287 7.67408 -0.0158693 1.70543
135.337 7.63191 -0.107717 1.78275
135.387 7.62377 -0.204178 1.83158
135.437 7.62409 -0.332006 1.86538
135.487 7.60293 -0.443599 1.90046
135.537 7.57937 -0.621843 1.95697
135.587 7.53652 -0.781536 1.97584
135.637 7.50351 -0.945506 1.97837
135.687 7.46893 -1.12655 2.00558
135.737 7.39459 -1.3018 2.03905
135.787 7.35686 -1.48037 2.05715
135.837 7.29778 -1.70093 2.09989
135.887 7.26169 -1.86671 2.09704
135.937 7.25191 -2.00706 2.11922
135.987 7.25191 -2.00706 2.11922
136.037 7.23032 -2.09415 2.14287
136.087 7.18016 -2.15154 2.1636
136.137 7.21235 -2.15436 2.14404
136.187 7.17404 -2.15686 2.20508
136.237 7.21115 -2.17493 2.25823
136.287 7.11844 -2.22887 2.36084
136.337 7.12861 -2.2066 2.30974
136.387 7.12861 -2.2066 2.30974
136.437 7.23378 -2.14409 2.14147
136.487 7.32999 -2.08938 1.9545
136.537 7.3859 -2.0238 1.86264
136.587 7.3859 -2.0238 1.86264
136.637 7.37241 -2.00781 1.78249
136.687 7.44704 -2.00797 1.75423
136.737 7.47129 -2.01879 1.78416
136.787 7.44094 -1.98786 1.84874
136.837 7.38472 -2.08985 2.09144
136.887 7.33231 -2.09495 2.18772
136.937 7.31332 -2.0661 2.23911
136.987 7.18778 -2.06072 2.29352
137.037 7.1813 -2.03997 2.3209
137.087 7.16704 -2.01389 2.34646
137.137 7.12794 -1.99356 2.36252
137.187 7.21698 -1.99587 2.34682
137.237 7.15152 -1.96168 2.39988
137.287 7.15878 -2.03063 2.42241
137.337 7.15878 -2.03063 2.42241
137.387 7.15878 -2.03063 2.42241
137.437 7.11725 -2.1325 2.51151
137.487 6.95485 -2.31016 2.64832
137.537 7.01247 -2.33267 2.70034
137.587 7.00533 -2.42501 2.75229
137.637 7.00733 -2.44495 2.74339
137.687 6.97973 -2.55233 2.73571
137.737 7.02634 -2.57722 2.66636
137.787 7.02634 -2.57722 2.66636
137.837 7.02634 -2.57722 2.66636
137.887 7.02634 -2.57722 2.66636
137.937 6.99594 -2.75431 2.6961
137.987 6.97506 -2.89587 2.72896
138.037 6.97506 -2.89587 2.72896
138.087 6.93915 -3.02863 2.78634
138.137 6.98054 -3.11848 2.82847
138.187 6.92521 -3.1929 2.89764
138.237 6.92521 -3.1929 2.89764
138.287 6.92521 -3.1929 2.89764
138.337 6.92521 -3.1929 2.89764
138.387 6.96983 -3.19642 2.87573
138.437 6.98061 -3.24099 2.88353
138.487 6.96725 -3.33537 2.91088
138.537 6.97944 -3.341 2.90477
138.587 7.00549 -3.41149 2.91738
138.637 7.00549 -3.41149 2.91738
138.687 6.98972 -3.4457 2.91744
138.737 6.97134 -3.50979 2.9383
138.787 7.02403 -3.49324 2.92294
138.837 7.08319 -3.5143 2.89415
138.887 7.15195 -3.53964 2.85065
138.937 7.13666 -3.6386 2.85335
138.987 7.13246 -3.64708 2.84168
139.037 7.13246 -3.64708 2.84168
139.087 7.15764 -3.66097 2.81641
139.137 7.15764 -3.66097 2.81641
139.187 7.15764 -3.66097 2.81641
139.237 7.03209 -3.69655 2.81265
139.287 7.03209 -3.69655 2.81265
139.337 6.97866 -3.73119 2.82004
139.387 6.97866 -3.73119 2.82004
139.437 6.98961 -3.76511 2.81686
139.487 6.98961 -3.76511 2.81686
139.537 6.95744 -3.8604 2.81775
139.587 6.95744 -3.8604 2.81775
139.637 7.03413 -3.88316 2.80837
139.687 7.03413 -3.88316 2.80837
139.737 7.03413 -3.88316 2.80837
139.787 6.94058 -3.88339 2.83399
139.837 6.94058 -3.88339 2.83399
139.887 6.94058 -3.88339 2.83399
139.937 6.94058 -3.88339 2.83399
139.987 6.94058 -3.88339 2.83399
140.037 6.94058 -3.88339 2.83399
140.087 6.88075 -4.00684 2.80078
140.137 6.88391 -4.06538 2.76746
140.187 6.88391 -4.06538 2.76746
140.237 6.88391 -4.06538 2.76746
140.287 6.88391 -4.06538 2.76746
140.337 6.81798 -4.11065 2.79155
140.387 6.81798 -4.11065 2.79155
140.437 6.85594 -4.05098 2.7946
140.487 6.88409 -4.06345 2.78741
140.537 6.85361 -4.04017 2.7882
140.587 6.85361 -4.04017 2.7882
140.637 6.84206 -4.07158 2.78615
140.687 6.84206 -4.07158 2.78615
140.737 6.95329 -4.04158 2.72573
140.787 6.98526 -4.03092 2.68436
140.837 7.0632 -4.0062 2.57666
140.887 7.12076 -3.99242 2.50972
140.937 7.1463 -4.00243 2.44039
140.987 7.17397 -4.00343 2.38542
141.037 7.19519 -3.9976 2.358
141.087 7.1844 -4.02502 2.38557
141.137 7.16587 -4.0518 2.4006
141.187 7.23443 -4.04134 2.41136
141.237 7.13846 -4.08328 2.46578
141.287 7.07 -4.13676 2.51881
141.337 7.12898 -4.14588 2.50439
141.387 7.22333 -4.1003 2.50825
141.437 7.25348 -4.16387 2.5155
141.487 7.21049 -4.23587 2.46988
141.537 7.23134 -4.30548 2.36621
141.587 7.20414 -4.36974 2.31037
141.637 7.20362 -4.4111 2.24594
141.687 7.21404 -4.46385 2.18854
141.737 7.22638 -4.47901 2.12732
141.787 7.24244 -4.48225 2.07843
141.837 7.23949 -4.4946 2.03126
141.887 7.23597 -4.48314 2.02932
141.937 7.23427 -4.46899 2.0305
141.987 7.25325 -4.3997 2.07957
142.037 7.27481 -4.32288 2.11989
142.087 7.34221 -4.22115 2.12212
142.137 7.38258 -4.1359 2.14253
142.187 7.38754 -4.07579 2.18675
142.237 7.39808 -4.04594 2.19638
142.287 7.38249 -4.02652 2.22538
142.337 7.37592 -4.01658 2.22503
142.387 7.40051 -4.00901 2.14594
142.437 7.40702 -4.01886 2.09376
142.487 7.41145 -3.99958 2.12068
142.537 7.40187 -3.993 2.16243
142.587 7.39043 -4.00029 2.18101
142.637 7.3723 -4.01314 2.18308
142.687 7.39033 -4.0085 2.15482
142.737 7.3977 -3.98627 2.16972
142.787 7.39647 -3.9862 2.17821
142.837 7.40141 -3.98486 2.17695
142.887 7.41717 -3.98306 2.147
142.937 7.42905 -3.98562 2.11833
142.987 7.41011 -3.99739 2.12372
143.037 7.40723 -3.99773 2.12698
143.087 7.40142 -4.00007 2.12463
143.137 7.3965 -4.00252 2.11084
143.187 7.38521 -4.00866 2.11395
143.237 7.39198 -4.00027 2.11827
143.287 7.3878 -4.00184 2.11404
143.337 7.3822 -4.00264 2.11548
143.387 7.36803 -4.00566 2.1258
143.437 7.36657 -4.00654 2.11916
143.487 7.35781 -4.0093 2.11752
143.537 7.35757 -4.00577 2.12262
143.587 7.34342 -4.00863 2.12502
143.637 7.32898 -4.00596 2.1601
143.687 7.32821 -4.00241 2.16169
143.737 7.32242 -4.00065 2.16839
143.787 7.31079 -4.00198 2.18542
143.837 7.30255 -4.00488 2.18776
143.887 7.29617 -4.00415 2.18823
143.937 7.28517 -4.00303 2.20571
143.987 7.26972 -4.00574 2.22317
144.037 7.26132 -4.00698 2.23439
144.087 7.25806 -4.00581 2.23197
144.137 7.24396 -4.00905 2.23404
144.187 7.22338 -4.01629 2.24256
144.237 7.21654 -4.01668 2.23884
144.287 7.20783 -4.01888 2.24075
144.337 7.20374 -4.01898 2.2317
144.387 7.18702 -4.02434 2.22836
144.437 7.16923 -4.02919 2.2419
144.487 7.16341 -4.02988 2.24244
144.537 7.14761 -4.0345 2.24824
144.587 7.13775 -4.03696 2.25228
144.637 7.12991 -4.03922 2.25576
144.687 7.11957 -4.03999 2.26102
144.737 7.10577 -4.04429 2.26144
144.787 7.09173 -4.04937 2.25634
144.837 7.08374 -4.05235 2.24564
144.887 7.07797 -4.04938 2.24532
144.937 7.06885 -4.04942 2.2425
144.987 7.06807 -4.04459 2.23299
145.037 7.06245 -4.03829 2.2385
145.087 7.04706 -4.04121 2.24727
145.137 7.03806 -4.04027 2.25629
145.187 7.02606 -4.0429 2.257
145.237 7.01055 -4.04839 2.26122
145.287 6.99457 -4.05358 2.2678
145.337 6.97849 -4.05844 2.2801
145.387 6.97036 -4.05962 2.28758
145.437 6.96858 -4.05785 2.28377
145.487 6.96465 -4.05599 2.28392
