0 -9.58301e-08 4.50628e-08 9.9932e-09
0 0.000479234 -0.0010592 0.0101197
0 0.00352924 -0.00280256 0.015889
0 0.00512235 -0.00341041 0.0121023
0.501 -0.00158044 -0.0116615 -0.183851
0.603 -0.00334723 -0.0136533 -0.23244
0.655 -0.00456892 -0.0147318 -0.25379
0.704 -0.000898718 -0.0178343 -0.272673
0.752 -0.000571909 -0.0192688 -0.28879
0.802 -0.000946783 -0.0204153 -0.302781
0.852 -0.0016497 -0.0211723 -0.312582
0.901 -0.00242071 -0.021632 -0.316446
0.952 -0.00193641 -0.0221542 -0.311998
1.203 -0.0253397 -0.0160172 -0.179516
1.452 -0.019512 -0.0233038 0.00143621
1.55 -0.0186483 -0.022182 0.059082
1.603 -0.017521 -0.0210904 0.083337
1.651 -0.0158968 -0.0205101 0.103722
1.701 -0.0128433 -0.0205489 0.117889
1.754 -0.0095238 -0.0213844 0.124593
2.251 0.00123983 -0.0149145 -0.123183
2.354 0.00268075 -0.0161555 -0.187721
2.451 -0.00127314 -0.0171079 -0.239157
2.504 -0.00138856 -0.0184802 -0.259333
2.553 -0.00245373 -0.019306 -0.272062
2.602 -0.000766449 -0.0213855 -0.277271
3.202 -0.0105208 -0.0192059 0.0384876
3.253 -0.0122805 -0.0162238 0.0705796
3.3 -0.010738 -0.0143696 0.0975591
3.352 -0.00866436 -0.013218 0.122625
3.403 -0.0062609 -0.0126797 0.141214
3.455 -0.0043449 -0.0121855 0.152637
3.502 -0.00299466 -0.0119569 0.156065
4.053 -0.00357311 -0.00380488 -0.136272
4.152 -0.00375824 -0.00204775 -0.195766
4.201 -0.00468604 -0.00143724 -0.220918
4.252 -0.00393766 -0.00215662 -0.244958
4.304 -0.00381768 -0.00299395 -0.264737
4.352 -0.00317447 -0.00418111 -0.279514
4.402 -0.000980081 -0.00610738 -0.288954
4.453 0.000144144 -0.00767146 -0.29192
5.1 -0.0234012 -0.00270541 0.0680163
5.2 -0.02229 -0.00421687 0.12413
5.254 -0.0202328 -0.00532118 0.147607
5.302 -0.0186235 -0.00631179 0.164046
5.353 -0.017408 -0.00724219 0.173465
5.404 -0.0174614 -0.007647 0.175417
5.901 -0.0179519 0.000948358 -0.0356951
6.001 -0.0156269 0.00412783 -0.0780841
6.052 -0.0116657 0.00486796 -0.0939915
6.101 -0.00659089 0.00462332 -0.105726
6.15 -0.00404883 0.00515485 -0.113674
6.201 -0.000312126 0.00502912 -0.118259
6.252 0.00368904 0.00478614 -0.120086
6.302 0.00770609 0.00393124 -0.119727
6.354 0.00887066 0.00370849 -0.118185
6.403 0.00889509 0.00314353 -0.116072
6.453 0.00829346 0.000950507 -0.114051
6.502 0.00729654 7.59566e-05 -0.110384
6.553 0.00590751 -0.0018499 -0.106638
6.602 0.00551544 -0.00382731 -0.103392
6.701 0.00818087 -0.0067794 -0.0982571
6.752 0.010316 -0.00738719 -0.0962642
6.801 0.0135 -0.00796125 -0.0946225
6.851 0.0158711 -0.00780927 -0.0930964
6.9 0.0194985 -0.0072495 -0.0913081
6.952 0.0225768 -0.00542543 -0.089059
7 0.0260201 -0.00263751 -0.0867699
7.051 0.0289306 0.00151123 -0.0841639
7.1 0.0316909 0.00551363 -0.0824071
7.201 0.0343321 0.0149177 -0.0805119
7.253 0.0344486 0.0182022 -0.0808445
7.303 0.0339418 0.0198816 -0.0814139
7.355 0.0305317 0.0222871 -0.0815712
7.455 0.0264635 0.0257538 -0.0815362
7.503 0.0241953 0.0282398 -0.0812998
7.555 0.0224021 0.0321256 -0.0814742
7.603 0.0210919 0.0373516 -0.0817433
7.654 0.0204934 0.0446213 -0.0823565
7.755 0.0172185 0.0650756 -0.0828841
7.8 0.017981 0.0761322 -0.0832541
7.855 0.0209096 0.0903768 -0.0838207
7.952 0.0265286 0.12133 -0.0840948
8.051 0.0354156 0.155862 -0.0832931
8.103 0.0380461 0.175666 -0.0821579
8.201 0.0478218 0.210811 -0.0810428
8.252 0.0526314 0.228808 -0.0815856
8.302 0.0570249 0.245957 -0.0827993
8.351 0.0608731 0.261739 -0.0844342
8.401 0.0644345 0.276896 -0.0863949
8.455 0.0667881 0.291773 -0.0885151
8.504 0.0701631 0.303507 -0.0912105
8.554 0.0730969 0.313827 -0.0936575
8.656 0.0771871 0.32863 -0.0978685
8.704 0.0792472 0.332489 -0.0994142
8.801 0.0816022 0.334042 -0.101447
8.855 0.0818949 0.331674 -0.101807
8.952 0.0799703 0.321056 -0.0993415
9.001 0.0786737 0.31271 -0.0973249
9.052 0.0767052 0.302311 -0.095493
9.101 0.0752497 0.290481 -0.0943134
9.152 0.0721743 0.277114 -0.093624
9.202 0.0696167 0.262363 -0.0934714
9.253 0.0664011 0.245706 -0.0933017
9.303 0.0618505 0.228159 -0.0924558
9.401 0.0536596 0.18959 -0.0892723
9.452 0.0496379 0.167472 -0.0867762
9.502 0.045457 0.145116 -0.0840169
9.55 0.0405231 0.123889 -0.0810333
9.6 0.0361116 0.101503 -0.0783683
9.701 0.0240073 0.054878 -0.0744224
9.751 0.0166856 0.0318451 -0.0736177
9.802 0.0101149 0.00837978 -0.0731784
9.853 0.00344555 -0.0149958 -0.0728324
9.901 -0.00310305 -0.0376383 -0.072872
9.95 -0.00598292 -0.0614993 -0.0734358
10.002 -0.0128753 -0.084377 -0.0736658
10.053 -0.018946 -0.107573 -0.0740326
10.102 -0.0244024 -0.128897 -0.0746901
10.153 -0.030485 -0.151313 -0.0760623
10.201 -0.0361619 -0.172223 -0.0784996
10.253 -0.0411658 -0.188971 -0.0799429
10.304 -0.045021 -0.20525 -0.0821312
10.353 -0.0493632 -0.219926 -0.084538
10.453 -0.0546044 -0.244298 -0.0862964
10.502 -0.0562096 -0.253053 -0.0861369
10.553 -0.0566439 -0.259187 -0.0856254
10.601 -0.0567114 -0.262053 -0.0847678
10.653 -0.0546727 -0.262632 -0.083851
10.803 -0.0444305 -0.247487 -0.0806308
10.853 -0.0403613 -0.235982 -0.0789078
10.905 -0.0346058 -0.223032 -0.0771337
10.954 -0.0272287 -0.208722 -0.0754034
11.002 -0.0212215 -0.192345 -0.0737213
11.1 -0.00816589 -0.156186 -0.0720103
11.155 -0.000860515 -0.135521 -0.072707
11.2 0.00526817 -0.114941 -0.0730061
11.251 0.0112467 -0.0915622 -0.0741322
11.301 0.0179808 -0.0687022 -0.0752621
11.353 0.0218065 -0.0447144 -0.0763478
11.454 0.0348122 0.00147094 -0.0790913
11.501 0.0394918 0.0228938 -0.0800272
11.554 0.0454018 0.0450431 -0.0810314
11.602 0.0493985 0.0651829 -0.0821468
11.653 0.0538778 0.0841999 -0.084201
11.704 0.0546182 0.101968 -0.0864675
11.755 0.0583714 0.116599 -0.0895576
11.853 0.061359 0.139834 -0.0973592
11.9 0.0618755 0.148745 -0.101291
11.952 0.0630043 0.156523 -0.105632
12.001 0.0626042 0.162879 -0.109677
12.052 0.0625822 0.167104 -0.113272
12.102 0.062105 0.169662 -0.115827
12.202 0.0618593 0.172736 -0.117848
12.254 0.0614388 0.174688 -0.118015
12.3 0.0592955 0.177697 -0.117788
12.351 0.0575866 0.182058 -0.11774
12.4 0.0544055 0.188392 -0.117783
12.451 0.0506384 0.196345 -0.118376
12.501 0.0366753 0.20847 -0.118232
12.552 0.0303582 0.21851 -0.119219
12.602 0.0220937 0.229014 -0.119941
12.703 0.00384774 0.248122 -0.121409
12.752 -0.00639893 0.255841 -0.122007
12.803 -0.018186 0.261967 -0.122262
12.853 -0.0449606 0.270079 -0.120473
12.955 -0.0753046 0.270942 -0.119964
13.004 -0.0912904 0.267494 -0.120247
13.054 -0.107147 0.261464 -0.121057
13.103 -0.122591 0.253575 -0.121873
13.154 -0.140076 0.242831 -0.122552
13.201 -0.165261 0.234157 -0.121914
13.255 -0.17925 0.21573 -0.123631
13.301 -0.190564 0.196076 -0.125243
13.401 -0.208838 0.148435 -0.126701
13.452 -0.214282 0.119048 -0.126884
13.553 -0.206071 0.0523653 -0.126663
13.701 -0.187973 -0.0349912 -0.122155
13.751 -0.175242 -0.0601296 -0.121302
13.8 -0.160366 -0.0822348 -0.12137
13.852 -0.144677 -0.0995094 -0.121814
13.901 -0.126379 -0.112748 -0.123341
13.95 -0.0881667 -0.129687 -0.127596
14.003 -0.0713053 -0.13295 -0.130084
14.302 0.0650042 -0.092217 -0.14313
14.352 0.0855286 -0.0756256 -0.142976
14.501 0.13611 -0.0165862 -0.141166
14.55 0.143373 0.0088726 -0.140978
14.602 0.148096 0.0367849 -0.141436
14.652 0.149435 0.0647726 -0.142363
14.755 0.144142 0.123677 -0.144468
14.802 0.137014 0.153138 -0.145657
14.953 0.0865112 0.238244 -0.147252
15.002 0.0714121 0.257348 -0.14812
15.053 0.0545839 0.271153 -0.14904
15.1 0.0366571 0.278216 -0.149964
15.152 0.0166687 0.279172 -0.15185
15.302 -0.0699581 0.251878 -0.155959
15.452 -0.117845 0.163732 -0.161858
15.7 -0.158978 0.00606691 -0.16827
15.754 -0.157889 -0.0186101 -0.168535
15.804 -0.151215 -0.0371839 -0.168797
15.901 -0.130725 -0.0563493 -0.169104
16.253 0.0210542 0.019611 -0.18319
16.303 0.0496825 0.0373294 -0.186944
16.603 0.158858 0.0802086 -0.189553
16.952 0.247467 -0.0742043 -0.152771
17.054 0.25363 -0.108381 -0.145683
17.103 0.254953 -0.119364 -0.144471
17.154 0.253536 -0.125931 -0.14423
17.252 0.24277 -0.125187 -0.146695
17.304 0.233159 -0.118753 -0.148767
17.355 0.201999 -0.101637 -0.149022
17.452 0.162604 -0.0709571 -0.153468
17.501 0.139312 -0.0523546 -0.155395
17.653 0.069296 0.00459394 -0.155807
17.702 0.0121607 0.0340693 -0.150651
17.903 -0.0857683 0.084194 -0.146534
18 -0.12029 0.0898709 -0.147726
18.051 -0.13882 0.0892859 -0.148289
18.101 -0.143247 0.0808613 -0.150083
18.151 -0.14439 0.0695701 -0.151243
18.201 -0.141771 0.0567984 -0.152056
18.251 -0.135138 0.0433095 -0.152828
18.301 -0.126173 0.0303024 -0.153486
18.451 -0.0672654 -0.0110154 -0.15916
18.554 -0.035087 -0.0265243 -0.164652
18.603 -0.0202124 -0.0312769 -0.16915
18.654 -0.00708462 -0.034538 -0.174954
18.704 0.00284452 -0.0348374 -0.180918
18.754 0.0165544 -0.0358977 -0.188735
18.802 0.01926 -0.0320606 -0.195984
18.904 0.0148625 -0.0186591 -0.211147
18.953 0.00772012 -0.00954095 -0.218003
19.001 -0.000487297 -0.000312468 -0.224918
19.1 -0.0210359 0.0196059 -0.240986
19.201 -0.0519444 0.0424628 -0.261094
19.252 -0.0613103 0.0512049 -0.273825
19.302 -0.0700799 0.0588592 -0.286747
19.352 -0.0791268 0.0658444 -0.299552
19.4 -0.0855356 0.0711697 -0.31194
19.452 -0.0925703 0.0770673 -0.322564
19.503 -0.10025 0.083323 -0.331122
19.552 -0.102319 0.0869854 -0.338939
19.653 -0.107026 0.0920192 -0.352637
19.703 -0.109456 0.0940585 -0.358786
19.8 -0.115951 0.096133 -0.369865
19.852 -0.119862 0.0966523 -0.374948
19.952 -0.128074 0.0987012 -0.383159
20.002 -0.129577 0.099439 -0.387167
20.053 -0.131097 0.100183 -0.391266
20.102 -0.131121 0.101416 -0.393988
20.151 -0.129009 0.10194 -0.395357
20.2 -0.125045 0.101655 -0.396779
20.253 -0.123048 0.101887 -0.398185
20.302 -0.121809 0.10258 -0.398727
20.401 -0.121557 0.103707 -0.399639
20.451 -0.121211 0.105249 -0.400878
20.502 -0.120013 0.105721 -0.40118
20.553 -0.119921 0.10601 -0.40126
20.601 -0.119973 0.105932 -0.401395
20.703 -0.118998 0.105793 -0.401697
20.801 -0.119009 0.105766 -0.401705
20.852 -0.118994 0.105813 -0.401714
20.903 -0.118975 0.105846 -0.401675
20.952 -0.118981 0.105836 -0.401686
21.003 -0.118974 0.105859 -0.401698
21.104 -0.118983 0.105826 -0.401679
21.155 -0.118965 0.105881 -0.401691
21.201 -0.11896 0.105893 -0.401685
21.252 -0.118969 0.105878 -0.401707
21.301 -0.118983 0.105848 -0.401725
21.354 -0.118971 0.10586 -0.40168
21.454 -0.119001 0.105788 -0.401705
21.503 -0.118978 0.105841 -0.401683
21.553 -0.118964 0.105881 -0.401683
21.703 -0.118975 0.105842 -0.401666
21.803 -0.118995 0.105795 -0.401687
21.853 -0.119926 0.106103 -0.401481
21.9 -0.119906 0.106166 -0.401498
22 -0.119896 0.106193 -0.401499
22.052 -0.118986 0.105793 -0.401628
22.201 -0.118995 0.105762 -0.401616
22.252 -0.11991 0.106153 -0.401493
22.353 -0.119911 0.106147 -0.401488
22.5 -0.119909 0.106148 -0.401479
22.55 -0.119915 0.106142 -0.401501
22.801 -0.118972 0.105843 -0.401651
22.901 -0.119901 0.106175 -0.401488
22.952 -0.119898 0.106182 -0.401488
23.005 -0.119876 0.106225 -0.40145
23.054 -0.119881 0.106224 -0.401473
23.155 -0.119874 0.106231 -0.401451
23.254 -0.119889 0.106195 -0.401464
23.304 -0.11988 0.106209 -0.40144
23.352 -0.118957 0.105843 -0.401568
23.453 -0.118975 0.105827 -0.401637
23.552 -0.119875 0.106224 -0.401444
23.654 -0.118944 0.105884 -0.401577
23.802 -0.119877 0.106201 -0.401405
23.903 -0.119868 0.106215 -0.401381
24.002 -0.119877 0.106212 -0.401428
24.053 -0.119875 0.106213 -0.40142
24.101 -0.119866 0.106217 -0.401381
24.152 -0.118937 0.105864 -0.401496
24.552 -0.119845 0.106245 -0.401316
24.652 -0.119882 0.106196 -0.401424
24.702 -0.119848 0.106243 -0.401327
24.751 -0.119896 0.106161 -0.401433
24.802 -0.119847 0.106258 -0.401354
24.954 -0.119874 0.106209 -0.401404
25.002 -0.119885 0.106185 -0.40142
25.104 -0.119867 0.106204 -0.401357
25.204 -0.119863 0.106242 -0.401414
25.255 -0.119876 0.106207 -0.401414
25.304 -0.118936 0.105901 -0.401567
25.452 -0.118933 0.105893 -0.401534
25.552 -0.11986 0.106238 -0.401388
25.602 -0.119875 0.106221 -0.401436
25.802 -0.119867 0.106248 -0.401447
25.853 -0.119862 0.106218 -0.401357
25.953 -0.119861 0.106222 -0.40136
26.003 -0.119861 0.106236 -0.401388
26.052 -0.119906 0.106152 -0.40147
26.104 -0.119855 0.106249 -0.40138
26.153 -0.11895 0.105861 -0.401567
26.201 -0.119888 0.106175 -0.401416
26.254 -0.119875 0.106188 -0.401371
26.304 -0.11988 0.106209 -0.401441
26.4 -0.11988 0.106201 -0.401425
26.451 -0.118956 0.105857 -0.401592
26.502 -0.119865 0.106232 -0.401403
26.552 -0.119866 0.106217 -0.401377
26.602 -0.118948 0.105881 -0.401594
26.702 -0.119884 0.106191 -0.401428
26.752 -0.118945 0.105866 -0.401545
26.801 -0.119866 0.106226 -0.401396
26.853 -0.119865 0.106219 -0.401376
26.904 -0.118946 0.105881 -0.401584
26.95 -0.118936 0.105884 -0.401535
27.001 -0.11894 0.105886 -0.401558
27.102 -0.11986 0.106245 -0.401404
27.153 -0.119859 0.106264 -0.401433
27.201 -0.119858 0.106263 -0.401428
27.251 -0.118931 0.105926 -0.401592
27.3 -0.118938 0.105906 -0.40159
27.352 -0.118937 0.105875 -0.401522
27.452 -0.118947 0.105881 -0.40159
27.503 -0.118939 0.105891 -0.401567
27.553 -0.119854 0.106258 -0.401391
27.6 -0.119865 0.106222 -0.401381
27.705 -0.119884 0.1062 -0.401443
27.755 -0.119857 0.106241 -0.401379
27.854 -0.119875 0.106207 -0.401406
27.904 -0.119874 0.10622 -0.401428
27.955 -0.119869 0.10622 -0.401402
28.002 -0.11985 0.106272 -0.401401
28.053 -0.119878 0.106205 -0.401422
28.102 -0.119873 0.106217 -0.401417
28.152 -0.119865 0.106227 -0.401394
28.202 -0.119869 0.106216 -0.401392
28.253 -0.119862 0.106235 -0.401393
28.302 -0.118951 0.105871 -0.401589
28.352 -0.119846 0.106283 -0.401402
28.452 -0.119864 0.106247 -0.401427
28.502 -0.11988 0.106198 -0.40142
28.552 -0.119872 0.106217 -0.401414
28.602 -0.118945 0.105878 -0.40157
28.653 -0.118955 0.10586 -0.401591
28.703 -0.119869 0.106233 -0.401425
28.755 -0.11987 0.106207 -0.40138
28.8 -0.118924 0.10592 -0.401543
28.903 -0.119866 0.106239 -0.401426
28.954 -0.119876 0.106195 -0.401388
29 -0.119862 0.106226 -0.401372
29.054 -0.118945 0.105887 -0.401592
29.104 -0.118961 0.105843 -0.401592
29.204 -0.119877 0.106189 -0.401383
29.255 -0.119859 0.106236 -0.401378
29.304 -0.118949 0.105875 -0.40159
29.355 -0.119869 0.106223 -0.401406
29.403 -0.119857 0.106242 -0.40138
29.454 -0.11987 0.106227 -0.401421
29.504 -0.118945 0.105891 -0.401599
29.654 -0.119861 0.106232 -0.401381
29.751 -0.11895 0.105871 -0.401587
29.954 -0.118944 0.105881 -0.40157
30.15 -0.118962 0.105831 -0.401571
30.2 -0.119863 0.106193 -0.40131
30.253 -0.11895 0.105874 -0.401593
30.303 -0.11893 0.105883 -0.401498
30.351 -0.11987 0.106203 -0.401371
30.401 -0.118955 0.105843 -0.401558
30.552 -0.119882 0.10615 -0.401332
30.701 -0.119005 0.105759 -0.401664
30.752 -0.119869 0.106245 -0.40145
30.802 -0.119857 0.106285 -0.401468
30.853 -0.119876 0.106226 -0.401453
31.001 -0.119858 0.106241 -0.401384
31.153 -0.119961 0.106066 -0.401603
31.254 -0.118946 0.105932 -0.401692
31.302 -0.119008 0.105823 -0.401816
31.353 -0.119046 0.105748 -0.401873
31.453 -0.118993 0.105831 -0.401748
31.502 -0.119024 0.105799 -0.401854
31.602 -0.118969 0.105921 -0.401798
31.8 -0.118997 0.10585 -0.401808
31.854 -0.118829 0.106418 -0.402035
31.952 -0.118881 0.10633 -0.402147
32.002 -0.118865 0.106351 -0.402097
32.053 -0.118858 0.106357 -0.402073
32.155 -0.11887 0.106358 -0.402141
32.202 -0.118856 0.106389 -0.402128
32.303 -0.118853 0.106374 -0.402076
32.352 -0.118895 0.106315 -0.402194
32.453 -0.11977 0.106756 -0.401951
32.652 -0.11973 0.106836 -0.401892
32.702 -0.118848 0.10641 -0.402126
32.752 -0.118857 0.106428 -0.402212
32.902 -0.118847 0.10643 -0.402158
33.001 -0.118835 0.106458 -0.40215
33.051 -0.119763 0.106763 -0.401927
33.101 -0.118834 0.106431 -0.402086
33.201 -0.11978 0.106726 -0.401945
33.254 -0.118832 0.106436 -0.402085
33.304 -0.11881 0.106482 -0.402058
33.355 -0.118828 0.106433 -0.40206
33.454 -0.119763 0.106718 -0.401829
33.504 -0.119747 0.106771 -0.401852
33.552 -0.119771 0.106695 -0.401832
33.601 -0.119747 0.106792 -0.401891
33.652 -0.11972 0.106827 -0.401815
33.704 -0.119743 0.106769 -0.401825
33.804 -0.119762 0.106729 -0.40185
33.904 -0.118814 0.106447 -0.402005
33.954 -0.119732 0.106801 -0.401825
34.054 -0.118823 0.106413 -0.401989
34.103 -0.118796 0.106467 -0.401945
34.203 -0.119751 0.106762 -0.401852
34.45 -0.11975 0.10676 -0.401844
34.5 -0.119727 0.106792 -0.401782
34.552 -0.119752 0.106754 -0.401846
34.602 -0.119751 0.106763 -0.401856
34.654 -0.119737 0.106793 -0.401841
34.701 -0.118802 0.106468 -0.401982
34.754 -0.119743 0.10677 -0.401827
34.801 -0.11976 0.106745 -0.401872
34.85 -0.119745 0.106756 -0.40181
34.95 -0.119735 0.106794 -0.401829
35.002 -0.119729 0.106794 -0.401795
35.052 -0.11976 0.106751 -0.401885
35.101 -0.119746 0.106751 -0.401804
35.202 -0.119751 0.106773 -0.401876
35.252 -0.11974 0.106779 -0.401824
35.301 -0.119738 0.106792 -0.40184
35.353 -0.119757 0.106755 -0.401872
35.454 -0.119762 0.106751 -0.401894
35.553 -0.11879 0.106494 -0.40197
35.6 -0.119767 0.106751 -0.401925
35.654 -0.119737 0.106773 -0.401801
35.8 -0.119743 0.106776 -0.401841
35.902 -0.119742 0.106784 -0.401849
35.954 -0.119752 0.106748 -0.40183
36.003 -0.119763 0.106733 -0.40186
36.054 -0.11976 0.106749 -0.401876
36.104 -0.118829 0.106417 -0.402032
36.201 -0.119764 0.106734 -0.401873
36.253 -0.119732 0.106803 -0.40183
36.303 -0.119777 0.106699 -0.401872
36.355 -0.119731 0.106804 -0.40183
36.403 -0.119754 0.10675 -0.401843
36.453 -0.119747 0.106781 -0.401873
36.502 -0.119738 0.10679 -0.401841
36.553 -0.119757 0.106726 -0.401811
36.602 -0.119758 0.106755 -0.40188
36.702 -0.119759 0.106742 -0.401857
36.754 -0.119747 0.106769 -0.401847
36.803 -0.119748 0.106756 -0.401828
36.854 -0.119747 0.106772 -0.401851
36.954 -0.119742 0.106763 -0.401804
37.051 -0.119751 0.106761 -0.401852
37.102 -0.119742 0.106795 -0.401871
37.201 -0.119736 0.106807 -0.401866
37.252 -0.119767 0.106718 -0.401857
37.353 -0.119739 0.106793 -0.401848
37.404 -0.118836 0.10638 -0.401993
37.654 -0.119755 0.106739 -0.401832
37.852 -0.119742 0.106791 -0.401865
37.953 -0.119724 0.106826 -0.401834
38.002 -0.119739 0.106781 -0.401828
38.103 -0.119747 0.10677 -0.401849
38.151 -0.119736 0.106798 -0.401846
38.202 -0.118818 0.10643 -0.401996
38.3 -0.119736 0.106799 -0.401845
38.454 -0.11882 0.106422 -0.401992
38.502 -0.118823 0.106436 -0.402037
38.553 -0.119744 0.106774 -0.401839
38.602 -0.119738 0.106786 -0.401827
38.801 -0.119739 0.106793 -0.401852
38.851 -0.119746 0.106782 -0.401867
38.953 -0.11974 0.106778 -0.401828
39.054 -0.119743 0.106774 -0.401835
39.15 -0.119735 0.106794 -0.401831
39.201 -0.119736 0.106787 -0.401822
39.25 -0.118818 0.106438 -0.402013
39.353 -0.119741 0.106785 -0.401848
39.502 -0.119738 0.106787 -0.401833
39.551 -0.118823 0.106422 -0.402005
39.7 -0.119758 0.106741 -0.401851
39.852 -0.119739 0.106782 -0.401826
39.9 -0.119757 0.106745 -0.401854
39.951 -0.119751 0.106754 -0.401838
40.003 -0.119731 0.106801 -0.401821
40.053 -0.11974 0.106779 -0.401828
40.152 -0.119735 0.106793 -0.401826
40.203 -0.119744 0.106778 -0.401847
40.251 -0.119749 0.106774 -0.401865
40.301 -0.118809 0.106446 -0.401976
40.352 -0.118821 0.10644 -0.402034
40.553 -0.119747 0.106762 -0.401833
40.755 -0.119749 0.106773 -0.401866
40.853 -0.119741 0.106786 -0.401849
40.903 -0.119749 0.106767 -0.401851
40.955 -0.119738 0.106784 -0.401828
41.001 -0.119738 0.106784 -0.401828
41.052 -0.119745 0.106775 -0.401851
41.102 -0.119748 0.106769 -0.401849
41.202 -0.119746 0.106784 -0.401874
41.252 -0.11881 0.106449 -0.40199
41.301 -0.119751 0.10676 -0.401848
41.353 -0.119749 0.106768 -0.401853
41.452 -0.119735 0.106783 -0.401804
41.503 -0.11973 0.106794 -0.401803
41.555 -0.119733 0.106787 -0.401805
41.601 -0.119741 0.106775 -0.401827
41.654 -0.11974 0.10678 -0.401829
41.704 -0.119737 0.106786 -0.401825
41.755 -0.119747 0.10676 -0.401826
41.801 -0.11974 0.10678 -0.401828
41.955 -0.119741 0.106777 -0.401828
42.004 -0.119743 0.106776 -0.401837
42.054 -0.119743 0.10677 -0.401827
42.101 -0.119737 0.106788 -0.401828
42.202 -0.119737 0.106786 -0.401826
42.254 -0.119743 0.106759 -0.401804
42.302 -0.119743 0.106769 -0.401824
42.351 -0.119746 0.106758 -0.401816
42.402 -0.119736 0.106789 -0.401827
42.453 -0.119738 0.106779 -0.401815
42.5 -0.119744 0.106767 -0.401824
42.553 -0.119734 0.106783 -0.401803
42.6 -0.11973 0.106805 -0.401826
42.7 -0.119738 0.106773 -0.401804
42.75 -0.119734 0.106797 -0.401829
42.802 -0.119734 0.106784 -0.401806
42.853 -0.119729 0.106799 -0.401806
42.953 -0.119737 0.106788 -0.401829
43.002 -0.119732 0.106797 -0.401819
43.052 -0.119729 0.106797 -0.401804
43.101 -0.119724 0.106812 -0.401802
43.153 -0.119727 0.106803 -0.401802
43.254 -0.119714 0.106831 -0.401788
43.304 -0.119703 0.10685 -0.401763
43.353 -0.119692 0.10688 -0.401764
43.454 -0.119675 0.106911 -0.401734
43.504 -0.119673 0.106908 -0.401715
43.553 -0.11967 0.106922 -0.401729
43.601 -0.119664 0.10694 -0.401729
43.7 -0.119654 0.106954 -0.401704
43.8 -0.11965 0.106976 -0.401728
43.853 -0.119655 0.106963 -0.401728
43.903 -0.11966 0.106935 -0.401694
43.953 -0.119653 0.106948 -0.401683
44.002 -0.11966 0.10692 -0.401663
44.053 -0.119663 0.106916 -0.401677
44.102 -0.119642 0.106953 -0.401634
44.151 -0.119645 0.106935 -0.401613
44.202 -0.11964 0.106934 -0.401582
44.252 -0.119651 0.106898 -0.401572
44.301 -0.11964 0.106913 -0.40154
44.355 -0.119649 0.106881 -0.401519
44.455 -0.119639 0.106862 -0.401429
44.555 -0.119667 0.106703 -0.401257
44.6 -0.119643 0.10673 -0.401177
44.703 -0.119468 0.109735 -0.400284
44.755 -0.119797 0.108443 -0.399479
44.803 -0.118331 0.109368 -0.399195
44.955 -0.111344 0.11592 -0.397545
45.001 -0.106133 0.118138 -0.397002
45.053 -0.102731 0.121589 -0.397005
45.102 -0.0973238 0.125116 -0.397993
45.204 -0.0855343 0.133341 -0.396681
45.302 -0.0716153 0.141542 -0.389037
45.353 -0.061787 0.144656 -0.381988
45.503 -0.044137 0.154501 -0.348259
45.555 -0.0388512 0.156965 -0.334067
45.604 -0.0358589 0.159072 -0.319745
45.654 -0.0314098 0.159795 -0.306441
45.756 -0.0276408 0.161072 -0.291555
45.956 -0.0312049 0.161714 -0.302461
46.003 -0.0355399 0.16174 -0.302894
46.104 -0.0439661 0.160429 -0.291971
46.402 -0.0905216 0.155131 -0.175173
46.503 -0.0997236 0.15222 -0.128501
46.554 -0.106797 0.15246 -0.107268
46.701 -0.127946 0.156716 -0.0604087
46.752 -0.131872 0.158273 -0.0521141
46.853 -0.137867 0.163197 -0.0443418
46.9 -0.139815 0.16616 -0.0423526
47.201 -0.135677 0.191811 -0.048472
47.252 -0.132405 0.196426 -0.0530006
47.303 -0.129261 0.200791 -0.0578298
47.353 -0.123325 0.204333 -0.0636516
47.452 -0.11535 0.212292 -0.0744507
47.552 -0.106776 0.21969 -0.0774888
47.601 -0.10227 0.222851 -0.0751583
47.753 -0.0834993 0.23096 -0.0534722
47.904 -0.0708559 0.241968 -0.0156199
47.953 -0.0665572 0.245962 -0.00628405
48.054 -0.0570472 0.254117 -0.00104356
48.154 -0.0494026 0.263276 -0.00817702
48.301 -0.0407241 0.278113 -0.0235842
48.352 -0.0420401 0.2844 -0.0254882
48.551 -0.0459636 0.307193 -0.00996505
48.6 -0.0475127 0.313074 -0.00109451
48.652 -0.0516186 0.32044 0.00952718
48.702 -0.0603031 0.329656 0.0216461
48.751 -0.0632598 0.33716 0.0336708
48.804 -0.0660032 0.345518 0.045502
48.952 -0.0714211 0.372787 0.0704777
49.002 -0.0721293 0.383005 0.0755649
49.102 -0.0751788 0.406148 0.0818886
49.201 -0.0753265 0.430358 0.0820192
49.252 -0.0756021 0.443855 0.0815128
49.356 -0.0747483 0.471422 0.0847575
49.401 -0.0759192 0.484657 0.0888649
49.501 -0.0820972 0.515054 0.102733
49.552 -0.0837304 0.530215 0.109401
49.702 -0.0914416 0.576043 0.121122
49.753 -0.100161 0.59378 0.122785
49.802 -0.10423 0.610181 0.122387
49.852 -0.106313 0.626881 0.120297
49.954 -0.113382 0.6631 0.110962
50.053 -0.120888 0.700343 0.0955884
50.103 -0.125083 0.720315 0.0861332
50.201 -0.14255 0.76293 0.0653779
50.253 -0.14756 0.786646 0.0518712
50.355 -0.159632 0.834282 0.0295806
50.402 -0.165682 0.857604 0.0218024
50.454 -0.173281 0.883152 0.0159363
50.501 -0.194715 0.910273 0.0135304
50.552 -0.202082 0.93636 0.0119181
50.601 -0.211556 0.961944 0.012065
50.752 -0.236002 1.04368 0.0215598
50.801 -0.245298 1.07037 0.02755
50.952 -0.285933 1.15318 0.0563062
51.053 -0.30347 1.20577 0.0741283
51.101 -0.31373 1.23125 0.0810987
51.153 -0.323135 1.25748 0.0865716
51.201 -0.346793 1.28434 0.0913938
51.252 -0.357742 1.31028 0.0938542
51.453 -0.40313 1.41103 0.0908748
51.502 -0.414275 1.43579 0.0876609
51.553 -0.439421 1.46217 0.0856225
51.7 -0.475239 1.53495 0.075183
51.751 -0.486237 1.55991 0.0695471
51.801 -0.498541 1.58394 0.0626549
51.85 -0.510128 1.60794 0.0540894
51.901 -0.521962 1.63175 0.0445103
51.951 -0.544926 1.65614 0.0355486
52.001 -0.557017 1.67894 0.0268929
52.102 -0.580244 1.725 0.0133483
52.151 -0.592326 1.74723 0.00915062
52.254 -0.628433 1.79133 0.00560745
52.354 -0.65274 1.83274 0.00403435
52.454 -0.677258 1.87243 0.00427802
52.501 -0.689565 1.89043 0.00500589
52.553 -0.702968 1.90933 0.00586212
52.604 -0.729409 1.92674 0.00752453
52.751 -0.770089 1.97534 0.000344059
52.8 -0.784413 1.99025 -0.00525368
52.852 -0.798025 2.00601 -0.0125172
52.904 -0.81286 2.02156 -0.0210359
52.955 -0.826966 2.0376 -0.0309497
53.052 -0.869395 2.06744 -0.0501061
53.155 -0.900397 2.10099 -0.0693187
53.2 -0.916603 2.11722 -0.0755439
53.354 -0.983924 2.17098 -0.0822013
53.504 -1.03618 2.22739 -0.0804657
53.6 -1.07239 2.26462 -0.0830615
53.653 -1.09157 2.28494 -0.0856282
53.755 -1.14505 2.31619 -0.095674
53.801 -1.16579 2.33327 -0.102409
53.853 -1.18829 2.35246 -0.111117
53.902 -1.2087 2.37011 -0.119951
54.054 -1.29225 2.42373 -0.144403
54.104 -1.31614 2.44261 -0.150217
54.204 -1.3641 2.48308 -0.156595
54.253 -1.38799 2.50375 -0.157084
54.452 -1.50764 2.5892 -0.156903
54.502 -1.53541 2.61306 -0.157088
54.553 -1.56187 2.6402 -0.155413
54.702 -1.64384 2.72276 -0.145687
54.801 -1.71328 2.77017 -0.133822
54.952 -1.79435 2.85784 -0.137051
55.053 -1.84679 2.91259 -0.143285
55.101 -1.88548 2.9337 -0.144072
55.203 -1.94213 2.98746 -0.14946
55.302 -1.9951 3.03732 -0.147197
55.6 -2.16565 3.1691 -0.131465
55.701 -2.21988 3.21412 -0.137544
55.751 -2.24778 3.23762 -0.141317
55.801 -2.27593 3.25923 -0.143769
55.851 -2.31604 3.27575 -0.14236
56.001 -2.40607 3.34438 -0.134743
56.051 -2.43594 3.3697 -0.128865
56.103 -2.4662 3.39538 -0.120982
56.202 -2.53646 3.44085 -0.0973992
56.253 -2.5663 3.46843 -0.0835505
56.352 -2.62699 3.52569 -0.0536245
56.455 -2.69184 3.58477 -0.0253108
56.555 -2.75848 3.64095 0.00128556
56.603 -2.78864 3.67095 0.0157631
56.751 -2.88066 3.76197 0.0669667
56.8 -2.90986 3.79137 0.0832032
56.854 -2.94116 3.82162 0.0987813
56.953 -2.999 3.8766 0.12305
57 -3.02534 3.90158 0.132153
57.052 -3.05214 3.92733 0.139461
57.101 -3.07792 3.95005 0.144734
57.153 -3.10268 3.97243 0.147801
57.2 -3.12551 3.9913 0.148744
57.255 -3.14986 4.01189 0.147521
57.305 -3.17204 4.02908 0.145259
57.455 -3.23663 4.07391 0.131293
57.552 -3.27634 4.09743 0.117312
57.603 -3.29788 4.108 0.109557
57.701 -3.33726 4.1278 0.0982841
57.8 -3.3768 4.14666 0.0941227
57.901 -3.41794 4.16553 0.0977412
57.953 -3.4404 4.17319 0.102297
58.002 -3.46113 4.18217 0.108461
58.053 -3.48296 4.19179 0.116685
58.101 -3.50363 4.20067 0.126068
58.153 -3.52681 4.20979 0.138017
58.202 -3.54831 4.21898 0.150996
58.302 -3.59445 4.23392 0.180516
58.358 -3.61893 4.24359 0.193043
58.454 -3.66185 4.2601 0.203224
58.504 -3.68356 4.26872 0.202604
58.555 -3.70591 4.27611 0.19972
58.603 -3.72603 4.28443 0.195963
58.703 -3.76858 4.29987 0.183662
58.754 -3.79035 4.30891 0.175768
58.803 -3.81206 4.31759 0.167018
58.854 -3.83476 4.32628 0.157143
58.953 -3.87874 4.34989 0.138073
59.001 -3.90151 4.36135 0.13143
59.102 -3.95647 4.38708 0.123105
59.153 -3.98031 4.4 0.124586
59.202 -4.00704 4.41467 0.127155
59.402 -4.12298 4.48416 0.152788
59.454 -4.15173 4.51336 0.159416
59.503 -4.18079 4.53267 0.1635
59.603 -4.24061 4.57353 0.160895
59.651 -4.26926 4.59467 0.154424
59.754 -4.33056 4.64081 0.133829
59.802 -4.3583 4.66422 0.122468
59.854 -4.38781 4.70534 0.107168
59.954 -4.44803 4.7512 0.0790478
60.002 -4.47691 4.77387 0.0647469
60.052 -4.50617 4.79828 0.0508959
60.102 -4.5357 4.82254 0.0385366
60.154 -4.56529 4.84668 0.0280192
60.202 -4.59342 4.86864 0.019592
60.252 -4.62172 4.91038 0.0100634
60.302 -4.64993 4.93318 0.00470855
60.402 -4.70451 4.97364 -0.000288481
60.453 -4.73131 4.99333 -0.000251523
60.503 -4.75678 5.01101 0.00163276
60.555 -4.78229 5.03669 0.00471506
60.601 -4.80445 5.05929 0.00874873
60.653 -4.82827 5.07689 0.0146545
60.701 -4.85077 5.11306 0.0171884
60.752 -4.87344 5.13107 0.0207678
60.854 -4.9168 5.16606 0.0226396
60.903 -4.93679 5.18319 0.0215311
61.003 -4.9767 5.21567 0.0154768
61.103 -5.01556 5.26521 0.00305349
61.301 -5.08597 5.32384 -0.00970121
61.352 -5.10325 5.33857 -0.00895188
61.401 -5.11948 5.35132 -0.00802638
61.453 -5.13738 5.37768 -0.00982694
61.502 -5.15353 5.39 -0.0114139
61.553 -5.16975 5.40208 -0.0144875
61.601 -5.18469 5.41409 -0.0188066
61.652 -5.20031 5.42683 -0.0243496
61.705 -5.21592 5.44031 -0.0316676
61.756 -5.23046 5.45177 -0.0394418
61.852 -5.25922 5.48733 -0.0585114
62.054 -5.31008 5.52919 -0.0819006
62.102 -5.32129 5.54068 -0.082934
62.354 -5.37539 5.60553 -0.0626007
62.405 -5.38433 5.61447 -0.0533453
62.503 -5.40114 5.63442 -0.0348713
62.554 -5.40919 5.64523 -0.0272087
62.603 -5.41638 5.65591 -0.0216275
62.703 -5.42895 5.67189 -0.015192
62.801 -5.44051 5.69726 -0.0172109
63.052 -5.46046 5.73458 -0.044538
63.101 -5.46388 5.74118 -0.0528054
63.201 -5.47249 5.76342 -0.0676302
63.251 -5.47676 5.77135 -0.0719224
63.301 -5.48136 5.77849 -0.0737601
63.353 -5.48671 5.7878 -0.0735541
63.404 -5.4921 5.79633 -0.0712633
63.454 -5.49725 5.80396 -0.0683133
63.603 -5.51658 5.83843 -0.0673926
63.703 -5.52916 5.85596 -0.0726511
63.752 -5.53568 5.86572 -0.0750598
63.901 -5.55739 5.90487 -0.0734737
64.004 -5.57541 5.93757 -0.0625326
64.154 -5.60499 5.97514 -0.0326941
64.251 -5.62761 5.99114 -0.0131061
64.301 -5.64455 6.01805 -0.00705344
64.352 -5.66027 6.0318 -0.00120691
64.402 -5.67685 6.04617 0.00288983
64.453 -5.69512 6.06002 0.00579113
64.503 -5.71541 6.07628 0.00701979
64.555 -5.73628 6.09121 0.00701539
64.603 -5.7565 6.10609 0.00576167
64.704 -5.8044 6.15807 -0.00301932
64.754 -5.82628 6.17297 -0.00850748
64.802 -5.84914 6.19353 -0.0164473
64.853 -5.87223 6.21479 -0.0262906
64.903 -5.89278 6.23339 -0.0372257
65.005 -5.94045 6.30101 -0.0675609
65.053 -5.95946 6.32453 -0.0827616
65.101 -5.97747 6.34596 -0.0997212
65.201 -6.01102 6.38975 -0.138169
65.253 -6.02665 6.41217 -0.158902
65.356 -6.06403 6.48629 -0.201548
65.456 -6.09466 6.53324 -0.2326
65.501 -6.11021 6.55656 -0.244572
65.552 -6.12804 6.58039 -0.25558
65.603 -6.1475 6.6061 -0.264643
65.652 -6.1666 6.62808 -0.270922
65.753 -6.22033 6.70846 -0.283124
65.854 -6.27135 6.76166 -0.290927
66.052 -6.38912 6.86286 -0.318005
66.103 -6.4329 6.92454 -0.329439
66.205 -6.50148 6.97762 -0.335679
66.255 -6.53581 7.00135 -0.334925
66.404 -6.6705 7.15928 -0.330836
66.503 -6.73464 7.18972 -0.308444
66.652 -6.83605 7.25884 -0.281697
66.703 -6.86986 7.28871 -0.276345
66.755 -6.91857 7.35611 -0.277918
66.801 -6.95048 7.38711 -0.27644
66.855 -6.98235 7.41606 -0.273728
66.904 -7.01213 7.44689 -0.270661
67.003 -7.06733 7.50865 -0.258782
67.053 -7.10772 7.57429 -0.254011
67.103 -7.13226 7.60571 -0.243531
67.203 -7.17737 7.66632 -0.216604
67.254 -7.1985 7.69634 -0.200268
67.301 -7.21888 7.72849 -0.186486
67.354 -7.23855 7.75787 -0.170206
67.402 -7.26823 7.81499 -0.160681
67.451 -7.28639 7.84443 -0.149013
67.553 -7.31906 7.89784 -0.129815
67.602 -7.33452 7.92463 -0.122795
67.652 -7.34989 7.95244 -0.11687
67.702 -7.36511 7.98126 -0.11236
67.753 -7.38998 8.03402 -0.111181
67.801 -7.40437 8.06295 -0.109372
67.955 -7.43976 8.14391 -0.108311
68.052 -7.45842 8.19735 -0.103968
68.205 -7.48841 8.30117 -0.0896606
68.253 -7.49276 8.32682 -0.0857018
68.303 -7.49636 8.35371 -0.0838053
68.354 -7.49827 8.37894 -0.0840074
68.402 -7.50021 8.40397 -0.0866715
68.454 -7.50763 8.44707 -0.0927739
68.554 -7.51231 8.51112 -0.108123
68.653 -7.50669 8.5584 -0.12739
68.703 -7.50277 8.58175 -0.138793
68.755 -7.49782 8.60432 -0.151232
68.801 -7.49382 8.62535 -0.164001
68.955 -7.47988 8.71224 -0.207315
69.102 -7.4552 8.77436 -0.232819
69.154 -7.44563 8.79485 -0.236809
69.203 -7.44204 8.83031 -0.239753
69.302 -7.42363 8.87198 -0.235478
69.401 -7.42135 8.9582 -0.2271
69.601 -7.3736 9.01399 -0.178822
69.656 -7.36404 9.03689 -0.162404
69.704 -7.35711 9.06195 -0.146118
69.756 -7.34874 9.08444 -0.127358
69.853 -7.33801 9.14097 -0.0881348
69.954 -7.31985 9.1801 -0.0407324
70.053 -7.30019 9.21726 0.00833824
70.257 -7.26043 9.29582 0.0872472
70.405 -7.22396 9.33777 0.123994
70.453 -7.21147 9.35049 0.130724
70.602 -7.17153 9.38879 0.139858
70.656 -7.15547 9.39907 0.139584
70.754 -7.12495 9.41575 0.135626
70.953 -7.06155 9.44356 0.113536
71.053 -7.0285 9.45268 0.0970016
71.103 -7.01212 9.45711 0.0883835
71.302 -6.94646 9.47214 0.0720564
71.402 -6.91392 9.47721 0.0743783
71.453 -6.8972 9.4789 0.0780411
71.503 -6.88023 9.47759 0.0835682
71.602 -6.8481 9.47765 0.0990338
71.653 -6.83151 9.47528 0.109188
71.703 -6.81558 9.47375 0.120113
71.753 -6.8001 9.47202 0.130025
71.802 -6.78398 9.46829 0.13835
72.052 -6.70315 9.44312 0.15378
72.152 -6.67022 9.43269 0.15086
72.304 -6.61606 9.41355 0.138155
72.354 -6.59318 9.39206 0.132037
72.456 -6.55253 9.37227 0.116
72.605 -6.48756 9.33775 0.0869448
72.654 -6.46486 9.32595 0.075601
72.701 -6.43959 9.29828 0.0652656
72.752 -6.41612 9.28643 0.0525315
72.801 -6.39312 9.27442 0.0399947
72.902 -6.34464 9.24975 0.0168316
72.952 -6.32007 9.23905 0.00801146
73.001 -6.29579 9.22937 0.00150486
73.053 -6.26771 9.20829 -0.00219403
73.203 -6.19021 9.18984 -0.00170798
73.254 -6.16299 9.18608 0.00271904
73.554 -5.99926 9.17819 0.0176052
73.602 -5.97262 9.17826 0.0132777
73.754 -5.89339 9.18324 0.00735587
73.803 -5.86863 9.18604 0.00938771
73.954 -5.79478 9.18943 0.0266078
74.004 -5.77141 9.188 0.0350389
74.056 -5.7486 9.18742 0.0432417
74.105 -5.72711 9.1865 0.0496847
74.204 -5.68475 9.18012 0.0578684
74.256 -5.6642 9.17664 0.0593406
74.304 -5.64494 9.17387 0.0590334
74.353 -5.62594 9.17094 0.0569061
74.404 -5.60694 9.16687 0.0531708
74.454 -5.5884 9.16165 0.0484506
74.502 -5.57114 9.15719 0.0426178
74.555 -5.55146 9.1409 0.0377311
74.604 -5.53459 9.13341 0.03419
74.703 -5.50129 9.11756 0.0323175
74.754 -5.48458 9.10824 0.0344419
74.805 -5.46814 9.09794 0.0383632
74.855 -5.45215 9.08867 0.0440669
74.904 -5.4362 9.06642 0.0522219
74.954 -5.42099 9.05518 0.061501
75.001 -5.40697 9.04376 0.070064
75.056 -5.38959 9.03367 0.0799796
75.101 -5.37861 9.02677 0.0845208
75.201 -5.34874 8.99043 0.0932751
75.401 -5.29478 8.93914 0.0898383
75.451 -5.28181 8.92783 0.0856457
75.503 -5.26919 8.91444 0.080872
75.553 -5.25383 8.90211 0.0741782
75.602 -5.24602 8.88938 0.0700405
75.654 -5.23526 8.8757 0.0633201
75.704 -5.22332 8.84508 0.0578703
75.752 -5.21316 8.82933 0.0515355
75.802 -5.19964 8.81377 0.0452721
75.902 -5.18713 8.77715 0.04073
76.002 -5.16966 8.73893 0.0389277
76.052 -5.16 8.69827 0.0375735
76.101 -5.15164 8.67738 0.032557
76.152 -5.14294 8.65631 0.0241855
76.205 -5.13371 8.634 0.0118434
76.254 -5.1244 8.61351 -0.00285884
76.303 -5.11474 8.59195 -0.0181988
76.453 -5.0797 8.50464 -0.0574815
76.502 -5.06683 8.48249 -0.0663746
76.553 -5.05279 8.46052 -0.0728866
76.602 -5.03876 8.43777 -0.075947
76.655 -5.0218 8.3973 -0.0755549
76.703 -5.00584 8.37595 -0.0734381
76.755 -4.98826 8.3558 -0.0690224
76.953 -4.91515 8.25694 -0.0346398
77.003 -4.89637 8.2378 -0.026901
77.052 -4.87683 8.21256 -0.0196695
77.252 -4.80042 8.13278 -0.00940503
77.303 -4.78203 8.11166 -0.011097
77.356 -4.76307 8.07138 -0.0133591
77.454 -4.72957 8.02731 -0.0246378
77.554 -4.6986 7.98082 -0.0389509
77.604 -4.68389 7.95613 -0.0443782
77.704 -4.65618 7.87906 -0.0488123
77.753 -4.64225 7.85158 -0.0499739
77.803 -4.62812 7.82404 -0.0514295
77.852 -4.61417 7.7954 -0.0537253
77.956 -4.58498 7.70961 -0.0611639
78.001 -4.57123 7.68054 -0.0671174
78.102 -4.53908 7.61966 -0.0835061
78.156 -4.52074 7.58781 -0.0939683
78.301 -4.46389 7.49262 -0.124852
78.355 -4.44213 7.43037 -0.131165
78.454 -4.3972 7.36611 -0.140665
78.504 -4.37187 7.33287 -0.142625
78.554 -4.34612 7.30065 -0.142813
78.703 -4.2666 7.17563 -0.143048
78.754 -4.23758 7.14409 -0.14672
79.001 -4.0969 6.97686 -0.173425
79.052 -4.06752 6.95063 -0.181431
79.201 -3.98621 6.87733 -0.208767
79.255 -3.95792 6.85503 -0.220397
79.304 -3.93341 6.83121 -0.231035
79.354 -3.91084 6.79427 -0.241423
79.553 -3.82459 6.71385 -0.299158
79.601 -3.80626 6.69353 -0.314574
79.652 -3.78729 6.67397 -0.329901
79.753 -3.7553 6.62322 -0.353837
79.802 -3.73938 6.60368 -0.363839
80.055 -3.6745 6.50308 -0.398919
80.103 -3.6636 6.48733 -0.408591
80.204 -3.64278 6.45497 -0.432731
80.302 -3.62512 6.42441 -0.46073
80.355 -3.61644 6.40859 -0.477066
80.405 -3.61078 6.3863 -0.49222
80.503 -3.59664 6.36069 -0.527694
80.602 -3.58402 6.33767 -0.5657
80.654 -3.57702 6.32714 -0.585895
80.702 -3.57099 6.31769 -0.601917
80.752 -3.56374 6.31 -0.617744
80.802 -3.55607 6.30486 -0.630931
80.853 -3.54789 6.30086 -0.642925
80.952 -3.53163 6.29713 -0.666457
81.002 -3.52359 6.29693 -0.679936
81.053 -3.51545 6.29839 -0.695049
81.102 -3.50809 6.29978 -0.711078
81.152 -3.49871 6.31141 -0.730665
81.201 -3.49234 6.31661 -0.74917
81.303 -3.4824 6.32856 -0.790697
81.355 -3.47901 6.33456 -0.812606
81.404 -3.47683 6.34191 -0.834514
81.454 -3.47629 6.34918 -0.858054
81.505 -3.47292 6.37052 -0.885829
81.556 -3.47523 6.37819 -0.910128
81.604 -3.47849 6.38669 -0.932201
81.703 -3.48822 6.40465 -0.971684
81.801 -3.50226 6.42275 -1.00315
81.856 -3.50939 6.44009 -1.01991
81.952 -3.52841 6.45626 -1.0401
82.052 -3.55114 6.4721 -1.05365
82.102 -3.56333 6.48036 -1.05814
82.153 -3.57603 6.48717 -1.06066
82.201 -3.58825 6.4933 -1.06138
82.252 -3.60122 6.50201 -1.06127
82.302 -3.61481 6.50733 -1.05853
82.403 -3.6425 6.51713 -1.04891
82.452 -3.65772 6.51695 -1.04049
82.502 -3.67238 6.5195 -1.03306
82.552 -3.68833 6.51809 -1.02534
82.603 -3.70386 6.52002 -1.0202
82.653 -3.72008 6.52062 -1.01627
82.704 -3.73705 6.52085 -1.01388
82.754 -3.75421 6.52066 -1.01284
82.805 -3.77152 6.52102 -1.0134
82.854 -3.78963 6.51923 -1.01437
82.955 -3.82597 6.52041 -1.02107
83.004 -3.84306 6.52126 -1.026
83.053 -3.86073 6.52084 -1.03175
83.102 -3.87766 6.52091 -1.03865
83.153 -3.89476 6.52157 -1.04695
83.203 -3.91079 6.52172 -1.05602
83.252 -3.9254 6.52332 -1.06618
83.303 -3.93986 6.52342 -1.0774
83.353 -3.95229 6.52403 -1.08906
83.401 -3.96248 6.52359 -1.09926
83.452 -3.9715 6.52311 -1.10884
83.504 -3.97904 6.52186 -1.11663
83.555 -3.98472 6.52076 -1.12295
83.603 -3.9891 6.52073 -1.12851
83.704 -3.99458 6.5213 -1.14249
83.753 -3.99509 6.52164 -1.15134
83.804 -3.99439 6.52319 -1.16229
83.854 -3.99251 6.52522 -1.17435
83.954 -3.98492 6.54355 -1.20473
84.002 -3.98069 6.55172 -1.21936
84.051 -3.97593 6.56153 -1.23512
84.102 -3.97119 6.57265 -1.25011
84.153 -3.96641 6.58642 -1.2636
84.201 -3.96196 6.60208 -1.27488
84.252 -3.95762 6.61953 -1.28421
84.301 -3.9498 6.6612 -1.29932
84.352 -3.94704 6.68445 -1.30515
84.401 -3.9457 6.70681 -1.30809
84.502 -3.93423 6.82407 -1.33237
84.602 -3.94468 6.85405 -1.31896
84.655 -3.9482 6.89739 -1.32219
84.703 -3.95324 6.93491 -1.32742
84.754 -3.96087 6.96677 -1.33472
84.805 -3.96861 7.00428 -1.34733
84.855 -3.97818 7.03762 -1.36035
84.903 -3.98831 7.07358 -1.37521
84.954 -4.00004 7.10784 -1.38938
85.005 -4.01198 7.14324 -1.40324
85.054 -4.02562 7.17548 -1.41441
85.101 -4.03448 7.24003 -1.43496
85.201 -4.06693 7.3047 -1.44849
85.302 -4.10119 7.37028 -1.45597
85.352 -4.11895 7.40293 -1.45678
85.453 -4.15228 7.49401 -1.46214
85.652 -4.22549 7.62239 -1.43814
85.701 -4.24323 7.65365 -1.43121
85.754 -4.26216 7.68629 -1.42319
85.805 -4.27774 7.74324 -1.42353
85.853 -4.29451 7.77513 -1.4166
85.953 -4.33032 7.83836 -1.40059
86.103 -4.3846 7.93224 -1.37538
86.201 -4.42174 8.02014 -1.36425
86.252 -4.44178 8.05121 -1.35419
86.304 -4.46253 8.08233 -1.34366
86.504 -4.54362 8.22645 -1.32343
86.553 -4.56503 8.25489 -1.32068
86.654 -4.60718 8.30932 -1.31942
86.756 -4.64882 8.35872 -1.32415
86.805 -4.66821 8.40453 -1.33223
86.853 -4.68759 8.42639 -1.33287
86.953 -4.72716 8.46813 -1.32915
87.002 -4.74769 8.48834 -1.32353
87.053 -4.76807 8.50772 -1.3168
87.204 -4.82473 8.58383 -1.29723
87.252 -4.84135 8.60291 -1.29059
87.303 -4.857 8.62263 -1.28534
87.353 -4.87186 8.64193 -1.2816
87.402 -4.8855 8.66075 -1.27971
87.455 -4.90018 8.69783 -1.28293
87.554 -4.92624 8.73501 -1.28469
87.601 -4.93699 8.75468 -1.28751
87.655 -4.94905 8.77218 -1.2906
87.704 -4.95974 8.79136 -1.29527
87.755 -4.97138 8.82878 -1.30521
87.803 -4.9821 8.84678 -1.31041
87.904 -5.00532 8.88271 -1.32061
88.002 -5.02775 8.91926 -1.32814
88.051 -5.03988 8.95552 -1.33395
88.103 -5.05132 8.97286 -1.33293
88.153 -5.06242 8.99034 -1.33133
88.202 -5.07272 9.0111 -1.32895
88.251 -5.08235 9.02896 -1.32587
88.353 -5.10052 9.08582 -1.3259
88.452 -5.11578 9.12566 -1.32857
88.504 -5.1232 9.14591 -1.33285
88.554 -5.12974 9.16486 -1.33841
88.703 -5.14807 9.24652 -1.36765
88.754 -5.15383 9.27039 -1.37851
88.802 -5.15901 9.28939 -1.38834
88.853 -5.16481 9.31007 -1.39954
88.902 -5.17008 9.33086 -1.41039
89.002 -5.18236 9.40143 -1.43955
89.104 -5.19532 9.45052 -1.46355
89.155 -5.2028 9.4741 -1.47499
89.202 -5.21058 9.4989 -1.48557
89.255 -5.22025 9.52497 -1.49474
89.302 -5.23183 9.58069 -1.50872
89.352 -5.24243 9.60692 -1.51276
89.604 -5.31733 9.77287 -1.51925
89.701 -5.35197 9.80861 -1.51932
89.756 -5.37476 9.85915 -1.52949
89.801 -5.39386 9.8862 -1.5354
89.856 -5.41695 9.91065 -1.5421
89.903 -5.43871 9.93589 -1.55003
89.956 -5.46582 9.98859 -1.56613
90.001 -5.48928 10.0114 -1.57457
90.055 -5.51781 10.0328 -1.58213
90.103 -5.54484 10.0537 -1.58811
90.201 -5.60197 10.093 -1.59525
90.253 -5.63218 10.1103 -1.59662
90.301 -5.66126 10.1239 -1.59612
90.453 -5.75364 10.1704 -1.58809
90.504 -5.78262 10.1759 -1.58132
90.554 -5.81034 10.1793 -1.57437
90.703 -5.87987 10.169 -1.55867
90.755 -5.89968 10.1608 -1.55614
90.801 -5.91527 10.1497 -1.55461
90.853 -5.9297 10.1357 -1.55293
91.002 -5.95055 10.0482 -1.53339
91.053 -5.95203 10.0179 -1.52442
91.102 -5.94999 9.98732 -1.51469
91.153 -5.94436 9.95218 -1.50435
91.253 -5.92269 9.87715 -1.48811
91.304 -5.89878 9.78239 -1.46888
91.354 -5.87669 9.73064 -1.45954
91.452 -5.82316 9.62718 -1.43692
91.502 -5.78997 9.57079 -1.42225
91.603 -5.70965 9.45033 -1.38783
91.703 -5.60903 9.25091 -1.33176
91.754 -5.55921 9.1809 -1.30987
91.802 -5.51043 9.11516 -1.29027
91.853 -5.45744 9.0512 -1.27258
91.901 -5.40513 8.97676 -1.25405
91.954 -5.34137 8.84498 -1.22352
92.002 -5.29063 8.78197 -1.21013
92.054 -5.23405 8.72271 -1.19868
92.101 -5.18422 8.65764 -1.18667
92.254 -5.01766 8.4199 -1.14253
92.354 -4.91421 8.32181 -1.11766
92.451 -4.81861 8.24021 -1.08569
92.502 -4.77137 8.16591 -1.057
92.702 -4.60067 8.04465 -0.965714
92.802 -4.53013 8.01283 -0.93174
92.901 -4.46708 7.98363 -0.911505
93.055 -4.38599 7.94959 -0.914798
93.155 -4.3436 7.92275 -0.935165
93.302 -4.29229 7.90598 -0.974177
93.402 -4.26457 7.89555 -0.991687
93.453 -4.25288 7.89012 -0.997424
93.503 -4.24226 7.88533 -1.00074
93.605 -4.22667 7.88345 -1.0028
93.704 -4.21392 7.88813 -0.995402
93.754 -4.21109 7.89282 -0.991848
93.855 -4.20844 7.9094 -0.985932
94.101 -4.22446 7.98315 -0.994144
94.253 -4.25171 8.03458 -1.00023
94.303 -4.26271 8.06978 -1.00334
94.452 -4.30727 8.12457 -0.999333
94.555 -4.34354 8.16202 -1.00426
94.602 -4.36193 8.18059 -1.00939
94.654 -4.38118 8.21632 -1.02035
94.701 -4.39977 8.23312 -1.02826
94.754 -4.42051 8.26227 -1.04084
94.804 -4.44073 8.28217 -1.05298
94.854 -4.46116 8.29877 -1.06575
95.102 -4.55506 8.39959 -1.15228
95.205 -4.58953 8.43644 -1.19174
95.253 -4.60441 8.45444 -1.20827
95.302 -4.6188 8.47376 -1.22333
95.353 -4.63314 8.49445 -1.23684
95.403 -4.64663 8.51575 -1.24762
95.452 -4.65903 8.56293 -1.2619
95.502 -4.67126 8.58948 -1.26788
95.554 -4.68538 8.61841 -1.27255
95.603 -4.70088 8.6419 -1.27418
95.753 -4.74684 8.82729 -1.29237
95.904 -4.80417 8.88794 -1.27567
95.954 -4.82607 8.92845 -1.2778
96.002 -4.84855 8.96076 -1.27949
96.052 -4.87318 8.99472 -1.28248
96.103 -4.89953 9.03023 -1.28708
96.154 -4.92649 9.06335 -1.29271
96.254 -4.98027 9.16148 -1.31564
96.303 -5.00665 9.19345 -1.325
96.355 -5.03489 9.224 -1.3354
96.454 -5.0887 9.28426 -1.35886
96.555 -5.14329 9.36931 -1.39324
96.604 -5.16905 9.39348 -1.4073
96.654 -5.19675 9.42011 -1.42316
96.703 -5.22238 9.44694 -1.43825
96.754 -5.25086 9.47258 -1.45295
96.804 -5.2818 9.53158 -1.47359
96.851 -5.31102 9.55797 -1.48423
96.953 -5.37548 9.60958 -1.49884
97.002 -5.40866 9.63482 -1.5032
97.053 -5.44343 9.6564 -1.5046
97.202 -5.55364 9.78043 -1.51423
97.302 -5.62398 9.80477 -1.49947
97.353 -5.66115 9.83599 -1.49915
97.403 -5.69633 9.85852 -1.50091
97.454 -5.73347 9.87979 -1.50645
97.503 -5.76875 9.90318 -1.51642
97.555 -5.80499 9.92555 -1.52961
97.652 -5.88217 10.0287 -1.57181
97.853 -6.01812 10.0754 -1.60346
97.903 -6.05093 10.0903 -1.60761
98.004 -6.11641 10.1187 -1.6111
98.056 -6.15022 10.1469 -1.61389
98.102 -6.17771 10.1574 -1.6121
98.154 -6.20678 10.1681 -1.60792
98.204 -6.23334 10.1783 -1.60292
98.253 -6.25748 10.1879 -1.59748
98.354 -6.3056 10.2075 -1.58421
98.455 -6.35112 10.2396 -1.57646
98.501 -6.3702 10.2501 -1.57425
98.602 -6.40924 10.2713 -1.57265
98.652 -6.42776 10.2822 -1.57288
98.753 -6.46573 10.3198 -1.57252
98.801 -6.48217 10.332 -1.56921
98.852 -6.49929 10.3436 -1.56313
98.952 -6.53223 10.3677 -1.54741
99.002 -6.54846 10.3801 -1.5383
99.103 -6.58336 10.4125 -1.52477
99.205 -6.6161 10.4288 -1.51456
99.256 -6.63273 10.4362 -1.51231
99.305 -6.64888 10.4413 -1.5115
99.355 -6.66668 10.4527 -1.51351
99.456 -6.69883 10.4582 -1.51838
99.504 -6.71391 10.4581 -1.52245
99.554 -6.72994 10.4586 -1.52764
99.604 -6.74515 10.459 -1.53389
99.655 -6.75997 10.4556 -1.53848
99.701 -6.77301 10.4529 -1.54179
99.752 -6.78661 10.4483 -1.54333
100.001 -6.841 10.429 -1.52545
100.052 -6.85071 10.4254 -1.51702
100.102 -6.85852 10.4208 -1.50597
100.152 -6.86518 10.4166 -1.49381
100.201 -6.87101 10.414 -1.4804
100.251 -6.87607 10.4119 -1.46491
100.302 -6.88008 10.4083 -1.44832
100.352 -6.88195 10.3994 -1.42888
100.553 -6.8813 10.3784 -1.3496
100.801 -6.84662 10.3144 -1.27785
100.904 -6.81953 10.2601 -1.25699
100.955 -6.80625 10.2395 -1.25023
101.003 -6.79238 10.2177 -1.24496
101.055 -6.77716 10.1939 -1.24088
101.155 -6.74634 10.1447 -1.23545
101.205 -6.72973 10.1176 -1.23343
101.303 -6.6902 10.0329 -1.22718
101.353 -6.67394 10.0008 -1.22875
101.451 -6.6449 9.94398 -1.23762
101.502 -6.63115 9.91451 -1.24365
101.653 -6.59145 9.82612 -1.2643
101.753 -6.5631 9.74095 -1.26667
101.853 -6.54262 9.68366 -1.26722
102.101 -6.483 9.51078 -1.25654
102.154 -6.47073 9.48052 -1.25887
102.203 -6.45825 9.45029 -1.26119
102.355 -6.41095 9.32801 -1.25469
102.454 -6.38173 9.26823 -1.24587
102.501 -6.3663 9.23552 -1.23839
102.552 -6.35059 9.20503 -1.23057
102.604 -6.32769 9.14298 -1.21622
102.701 -6.297 9.0797 -1.20529
102.752 -6.28158 9.04908 -1.20226
102.855 -6.24957 8.98716 -1.20013
102.901 -6.23465 8.95673 -1.2002
102.952 -6.21885 8.92506 -1.20188
103.003 -6.1974 8.86442 -1.19793
103.054 -6.18154 8.83234 -1.20121
103.103 -6.16618 8.80142 -1.20346
103.203 -6.13451 8.7416 -1.20427
103.253 -6.11797 8.71179 -1.20244
103.354 -6.07675 8.61883 -1.18701
103.455 -6.03897 8.55814 -1.17778
103.503 -6.0199 8.52691 -1.17467
103.555 -5.99889 8.49354 -1.17317
103.603 -5.97865 8.46077 -1.17271
103.653 -5.95773 8.43072 -1.17438
103.701 -5.93076 8.36679 -1.16923
103.752 -5.90879 8.33613 -1.17372
103.855 -5.86275 8.27305 -1.18615
104.004 -5.78833 8.14747 -1.20233
104.052 -5.76566 8.11643 -1.21103
104.101 -5.74237 8.08527 -1.22019
104.154 -5.71806 8.05342 -1.22818
104.203 -5.69525 8.02292 -1.23384
104.254 -5.67199 7.99371 -1.23848
104.303 -5.64519 7.93434 -1.23247
104.354 -5.62212 7.90411 -1.23248
104.454 -5.57691 7.84492 -1.22669
104.503 -5.55514 7.81481 -1.2211
104.554 -5.53331 7.7861 -1.21406
104.604 -5.5115 7.75774 -1.2055
104.702 -5.4643 7.66947 -1.17883
104.801 -5.42008 7.61543 -1.166
104.902 -5.37457 7.56064 -1.15928
104.951 -5.35135 7.53518 -1.15813
105.001 -5.32751 7.50834 -1.15813
105.101 -5.28538 7.43482 -1.15925
105.202 -5.22596 7.38648 -1.1674
105.251 -5.20064 7.36433 -1.17517
105.455 -5.08945 7.2568 -1.19694
105.504 -5.06302 7.23572 -1.1989
105.555 -5.03441 7.21487 -1.2
105.602 -5.00654 7.19228 -1.19936
105.653 -4.97699 7.17205 -1.19752
105.703 -4.94812 7.14929 -1.1931
105.755 -4.91753 7.10636 -1.1825
105.805 -4.88892 7.0832 -1.17834
105.903 -4.83184 7.03902 -1.17531
105.953 -4.80243 7.01593 -1.17628
106.053 -4.74383 6.96888 -1.18267
106.103 -4.7149 6.92399 -1.18128
106.204 -4.65556 6.8743 -1.19567
106.303 -4.59753 6.8238 -1.21318
106.353 -4.56852 6.79938 -1.22316
106.403 -4.53881 6.77288 -1.23227
106.455 -4.50965 6.7276 -1.23371
106.503 -4.48246 6.70229 -1.23829
106.554 -4.45301 6.67691 -1.24206
106.602 -4.42502 6.65124 -1.24324
106.703 -4.36956 6.60185 -1.24145
106.753 -4.34334 6.55635 -1.23116
106.852 -4.2916 6.50845 -1.22593
106.954 -4.24004 6.45903 -1.2261
107.003 -4.21631 6.43507 -1.2285
107.055 -4.1922 6.41135 -1.23258
107.103 -4.16945 6.3884 -1.23753
107.154 -4.14864 6.3484 -1.23651
107.206 -4.12647 6.32655 -1.24065
107.256 -4.10455 6.30318 -1.24274
107.405 -4.04332 6.23782 -1.23875
107.503 -4.00786 6.17961 -1.22201
107.553 -3.98821 6.16071 -1.21683
107.603 -3.96902 6.14053 -1.21208
107.703 -3.93089 6.1023 -1.2076
107.753 -3.91204 6.08239 -1.20711
107.803 -3.89291 6.06275 -1.20829
107.852 -3.87461 6.04372 -1.21082
108.002 -3.81997 5.97998 -1.22516
108.155 -3.76109 5.9283 -1.25848
108.202 -3.74332 5.91113 -1.2706
108.254 -3.72351 5.89019 -1.28472
108.301 -3.70545 5.87489 -1.29928
108.455 -3.64372 5.82581 -1.35299
108.504 -3.62371 5.81072 -1.36899
108.554 -3.60398 5.79309 -1.38277
108.604 -3.58378 5.77672 -1.39551
108.702 -3.54311 5.74659 -1.41632
108.751 -3.52217 5.73182 -1.4263
108.853 -3.47968 5.69841 -1.44788
109.153 -3.35341 5.59089 -1.53592
109.205 -3.33201 5.57116 -1.55132
109.252 -3.3135 5.54871 -1.56213
109.503 -3.21182 5.44243 -1.5984
109.554 -3.19223 5.4204 -1.60063
109.601 -3.17436 5.39881 -1.6009
109.804 -3.11123 5.30096 -1.57778
110.054 -3.05701 5.17982 -1.51047
110.155 -3.03729 5.14899 -1.49363
110.205 -3.03213 5.12896 -1.48409
110.256 -3.03475 5.09748 -1.46843
110.301 -3.03324 5.0806 -1.46104
110.354 -3.03098 5.06583 -1.45587
110.554 -3.04193 5.01027 -1.4409
110.605 -3.0487 4.99874 -1.43628
110.654 -3.06294 4.97691 -1.42338
110.704 -3.07264 4.96656 -1.41506
110.754 -3.08383 4.95732 -1.40622
110.804 -3.09649 4.94794 -1.39675
110.855 -3.11013 4.93989 -1.38806
110.954 -3.14059 4.92597 -1.3741
111.003 -3.16374 4.90811 -1.36233
111.052 -3.18193 4.90318 -1.35873
111.101 -3.20051 4.90041 -1.35818
111.152 -3.2208 4.89871 -1.36148
111.254 -3.2639 4.89698 -1.37757
111.302 -3.28609 4.8993 -1.3878
111.353 -3.30802 4.90543 -1.3974
111.456 -3.35255 4.92804 -1.41127
111.554 -3.39163 4.96217 -1.41475
111.952 -3.47638 5.2145 -1.3546
112.203 -3.4913 5.39438 -1.27111
112.252 -3.49434 5.42652 -1.2568
112.301 -3.49578 5.46212 -1.24587
112.354 -3.49685 5.49742 -1.23488
112.454 -3.49036 5.58697 -1.22433
112.503 -3.48985 5.61999 -1.21353
112.603 -3.48672 5.68734 -1.18603
112.654 -3.48481 5.71988 -1.16856
112.703 -3.48229 5.75229 -1.15039
112.751 -3.4726 5.80417 -1.13901
112.804 -3.46904 5.83665 -1.11574
112.854 -3.46451 5.86876 -1.09183
112.955 -3.45478 5.93006 -1.03998
113.005 -3.4494 5.96134 -1.01207
113.051 -3.44362 5.99087 -0.984771
113.104 -3.43755 6.02047 -0.956044
113.152 -3.42674 6.06243 -0.934452
113.251 -3.41486 6.11102 -0.885739
113.302 -3.40883 6.13437 -0.863394
113.403 -3.39744 6.17802 -0.820629
113.501 -3.38205 6.22713 -0.786618
113.552 -3.37688 6.24307 -0.769745
113.602 -3.37233 6.2574 -0.755219
113.954 -3.35892 6.34539 -0.689645
114.055 -3.36819 6.36174 -0.6785
114.103 -3.37461 6.37013 -0.674179
114.155 -3.38228 6.37974 -0.670751
114.253 -3.4028 6.39261 -0.665314
114.353 -3.42775 6.40392 -0.662399
114.403 -3.44076 6.40986 -0.662415
114.453 -3.45449 6.41473 -0.663111
114.501 -3.46791 6.42055 -0.663782
114.653 -3.50762 6.43547 -0.656555
114.701 -3.52007 6.44003 -0.651542
114.753 -3.53293 6.44536 -0.643524
114.804 -3.54507 6.45022 -0.636441
114.853 -3.55604 6.45546 -0.630805
114.955 -3.5795 6.46451 -0.622433
115.003 -3.59051 6.46976 -0.621022
115.054 -3.60172 6.47364 -0.621138
115.104 -3.61327 6.47727 -0.622584
115.154 -3.62353 6.48431 -0.626054
115.256 -3.64641 6.49413 -0.635367
115.301 -3.65699 6.49858 -0.640923
115.402 -3.68008 6.50932 -0.654751
115.454 -3.69131 6.5147 -0.660994
115.502 -3.70231 6.52034 -0.665745
115.553 -3.71286 6.5313 -0.669615
115.603 -3.72404 6.53883 -0.67063
115.704 -3.74675 6.55324 -0.666249
115.754 -3.75809 6.56091 -0.661769
115.804 -3.76803 6.5745 -0.657365
115.901 -3.78936 6.58505 -0.644298
115.953 -3.79896 6.59526 -0.64017
116.002 -3.80874 6.60116 -0.636641
116.053 -3.81816 6.60767 -0.634669
116.101 -3.82694 6.61376 -0.633874
116.354 -3.86721 6.64278 -0.646315
116.502 -3.88914 6.65321 -0.664582
116.601 -3.90377 6.6576 -0.680019
116.704 -3.91782 6.66315 -0.698591
116.754 -3.92426 6.66429 -0.707577
116.804 -3.93019 6.66548 -0.715883
116.902 -3.94076 6.66655 -0.72797
117.003 -3.94871 6.6668 -0.732687
117.102 -3.95279 6.66766 -0.732001
117.201 -3.9538 6.66857 -0.733276
117.251 -3.95336 6.66894 -0.735758
117.301 -3.952 6.66889 -0.739369
117.452 -3.94286 6.66372 -0.754372
117.501 -3.93807 6.66003 -0.757586
117.704 -3.91006 6.63431 -0.748508
117.955 -3.86191 6.57043 -0.689481
118.053 -3.83955 6.54068 -0.663687
118.153 -3.82072 6.49397 -0.64101
118.303 -3.78914 6.44035 -0.622207
118.41 -3.77113 6.38795 -0.61422
118.461 -3.76056 6.36885 -0.614094
118.51 -3.75062 6.34876 -0.61409
118.559 -3.74054 6.32902 -0.616864
118.611 -3.73034 6.30798 -0.620281
118.707 -3.71177 6.26564 -0.629393
118.96 -3.67042 6.13973 -0.665433
119.059 -3.65596 6.09439 -0.686707
119.107 -3.64871 6.06932 -0.697804
119.159 -3.64145 6.04564 -0.711314
119.208 -3.63916 6.00708 -0.721071
119.311 -3.6265 5.96134 -0.74965
119.36 -3.6212 5.93819 -0.761531
119.41 -3.6165 5.91469 -0.771093
119.462 -3.61159 5.89257 -0.779193
119.507 -3.6125 5.85487 -0.779569
119.558 -3.60844 5.833 -0.78361
119.61 -3.60443 5.81247 -0.786688
119.708 -3.59764 5.77333 -0.787363
119.759 -3.59395 5.75535 -0.785652
119.809 -3.59054 5.73784 -0.782621
119.961 -3.58161 5.68367 -0.772683
120.01 -3.57748 5.67145 -0.772754
120.161 -3.56366 5.6428 -0.780603
120.362 -3.54347 5.61499 -0.802861
120.56 -3.51766 5.60349 -0.839085
120.609 -3.51029 5.6017 -0.850347
120.708 -3.4927 5.60642 -0.877828
120.759 -3.48345 5.60797 -0.89327
120.808 -3.47423 5.60909 -0.909735
120.908 -3.45462 5.61184 -0.945786
120.958 -3.44413 5.6147 -0.964894
121.01 -3.42886 5.62834 -0.989508
121.061 -3.41707 5.631 -1.01042
121.111 -3.40449 5.63478 -1.0303
121.209 -3.38004 5.64267 -1.06331
121.261 -3.36675 5.64605 -1.07709
121.31 -3.35351 5.65019 -1.08881
121.36 -3.33632 5.66447 -1.10273
121.46 -3.30905 5.67455 -1.11747
121.508 -3.29618 5.68057 -1.12158
121.558 -3.28413 5.68457 -1.12286
121.708 -3.24291 5.72022 -1.12232
121.807 -3.22231 5.72938 -1.11035
121.907 -3.20163 5.75829 -1.10309
121.96 -3.19168 5.76977 -1.09856
122.058 -3.17441 5.79103 -1.09059
122.309 -3.12787 5.8543 -1.09098
122.458 -3.1049 5.88546 -1.10483
122.51 -3.09621 5.89602 -1.1129
122.559 -3.08744 5.90724 -1.12218
122.612 -3.07891 5.91791 -1.13314
122.658 -3.06433 5.94427 -1.15055
122.707 -3.05643 5.95467 -1.16286
122.759 -3.04915 5.96376 -1.1762
122.809 -3.04119 5.97536 -1.19119
122.907 -3.02675 5.99704 -1.22349
122.959 -3.02089 6.00624 -1.24077
123.009 -3.00721 6.03624 -1.26708
123.058 -3.00195 6.04795 -1.28716
123.107 -2.99715 6.0606 -1.3081
123.211 -2.99032 6.08646 -1.35391
123.308 -2.98625 6.11492 -1.39841
123.359 -2.98569 6.13038 -1.41899
123.409 -2.97807 6.16388 -1.44486
123.459 -2.9786 6.18033 -1.46127
123.511 -2.97936 6.19663 -1.47547
123.61 -2.97942 6.23327 -1.49842
123.661 -2.97953 6.2508 -1.50639
123.707 -2.97811 6.26935 -1.51322
123.759 -2.97142 6.30247 -1.5244
123.859 -2.95899 6.3639 -1.53996
123.96 -2.95865 6.39 -1.53281
124.009 -2.9558 6.40774 -1.52923
124.06 -2.95082 6.43085 -1.52731
124.159 -2.94882 6.4557 -1.51845
124.209 -2.94481 6.4757 -1.51924
124.261 -2.93519 6.51014 -1.52705
124.308 -2.93133 6.52919 -1.53022
124.361 -2.92855 6.54646 -1.53311
124.411 -2.92499 6.56407 -1.53724
124.511 -2.91795 6.59922 -1.5485
124.707 -2.89651 6.68801 -1.58609
124.808 -2.89009 6.72458 -1.59441
124.91 -2.88455 6.76671 -1.59552
125.01 -2.87654 6.82372 -1.59692
125.06 -2.87706 6.84496 -1.59571
125.109 -2.87842 6.86699 -1.5961
125.208 -2.88265 6.91617 -1.60246
125.357 -2.89845 6.99608 -1.6219
125.458 -2.90711 7.07991 -1.64996
125.508 -2.91743 7.10921 -1.65953
125.558 -2.92851 7.14081 -1.66945
125.761 -2.97955 7.29763 -1.70094
125.81 -2.99597 7.33154 -1.70237
125.911 -3.03412 7.39754 -1.70457
126.16 -3.13074 7.59091 -1.74496
126.211 -3.15345 7.62831 -1.75364
126.26 -3.16786 7.69109 -1.77041
126.462 -3.25386 7.83779 -1.77935
126.559 -3.29141 7.91203 -1.78109
126.709 -3.34118 8.04542 -1.80325
126.809 -3.37638 8.11394 -1.81915
126.861 -3.39441 8.14763 -1.82702
126.908 -3.41161 8.18228 -1.83448
126.959 -3.42377 8.24335 -1.84958
127.061 -3.46252 8.30894 -1.85474
127.107 -3.48106 8.34151 -1.85547
127.16 -3.50312 8.37537 -1.85415
127.21 -3.52027 8.43257 -1.85999
127.36 -3.58925 8.53311 -1.84752
127.408 -3.61201 8.56826 -1.84385
127.462 -3.63846 8.60249 -1.838
127.507 -3.65782 8.65893 -1.84147
127.559 -3.68488 8.69289 -1.83569
127.608 -3.71177 8.72677 -1.82953
127.707 -3.76738 8.79448 -1.81317
127.808 -3.82664 8.86435 -1.78913
127.863 -3.85622 8.92383 -1.7802
127.959 -3.917 8.99305 -1.74735
128.06 -3.98238 9.06263 -1.71522
128.109 -4.01423 9.09668 -1.70363
128.16 -4.04772 9.13192 -1.69499
128.209 -4.07704 9.19653 -1.69832
128.411 -4.21 9.34348 -1.70562
128.561 -4.30494 9.48876 -1.74153
128.712 -4.3978 9.60246 -1.77717
128.809 -4.45304 9.67373 -1.79882
128.86 -4.48162 9.70989 -1.80732
128.958 -4.52922 9.81776 -1.82874
129.059 -4.57565 9.88941 -1.83724
129.108 -4.59695 9.92359 -1.84311
129.159 -4.61852 9.95939 -1.8504
129.209 -4.63837 10.0275 -1.86816
129.259 -4.65831 10.0607 -1.87679
129.307 -4.6777 10.0919 -1.88494
129.361 -4.69898 10.1234 -1.89206
129.407 -4.71717 10.1541 -1.89786
129.459 -4.73787 10.1814 -1.9008
129.507 -4.75758 10.2341 -1.90951
129.56 -4.77952 10.2603 -1.90852
129.659 -4.82275 10.3077 -1.90164
129.86 -4.91592 10.4118 -1.8965
129.959 -4.96597 10.4479 -1.90116
130.06 -5.01981 10.4821 -1.91136
130.108 -5.047 10.5168 -1.92215
130.209 -5.10482 10.547 -1.93322
130.56 -5.33526 10.6482 -1.94185
130.707 -5.44017 10.6922 -1.96396
130.759 -5.47629 10.7024 -1.97355
130.807 -5.51074 10.7114 -1.98388
130.86 -5.54701 10.7187 -1.99565
130.958 -5.61464 10.7336 -2.02157
131.009 -5.64751 10.7411 -2.03596
131.058 -5.68086 10.7637 -2.05545
131.31 -5.82899 10.7992 -2.12107
131.361 -5.85675 10.8061 -2.12921
131.462 -5.91242 10.8268 -2.14284
131.51 -5.93904 10.8319 -2.14638
131.56 -5.96578 10.835 -2.14905
131.609 -5.99222 10.8391 -2.15159
131.659 -6.02007 10.8412 -2.15319
131.708 -6.04618 10.8426 -2.15383
131.759 -6.07479 10.8456 -2.1548
131.809 -6.10135 10.8441 -2.15406
131.908 -6.15344 10.8382 -2.15122
131.959 -6.17941 10.8317 -2.14864
132.009 -6.20428 10.8254 -2.146
132.059 -6.229 10.8183 -2.14263
132.109 -6.25169 10.8015 -2.13675
132.211 -6.29777 10.7767 -2.12681
132.261 -6.31916 10.7631 -2.12087
132.36 -6.35874 10.7337 -2.10719
132.41 -6.37486 10.7038 -2.09484
132.462 -6.39326 10.6873 -2.08542
132.511 -6.40896 10.6694 -2.07519
132.561 -6.42469 10.6526 -2.06434
132.611 -6.4397 10.6342 -2.0523
132.661 -6.45389 10.6152 -2.03897
132.758 -6.47486 10.5574 -2.00457
132.809 -6.48635 10.5375 -1.98843
132.91 -6.5079 10.4945 -1.95253
133.061 -6.52955 10.3995 -1.89371
133.159 -6.54329 10.3479 -1.86698
133.31 -6.55679 10.2563 -1.83556
133.407 -6.56222 10.1974 -1.82243
133.459 -6.55742 10.1389 -1.80806
133.509 -6.55709 10.1055 -1.79872
133.559 -6.55652 10.0726 -1.78788
133.808 -6.53466 9.87461 -1.69929
133.858 -6.52924 9.84012 -1.67819
133.957 -6.51652 9.77359 -1.63605
134.01 -6.50155 9.70524 -1.60677
134.111 -6.48423 9.6397 -1.57255
134.309 -6.44079 9.51317 -1.52249
134.407 -6.41462 9.45067 -1.50438
134.658 -6.33312 9.28085 -1.47368
134.708 -6.31635 9.25318 -1.47202
134.809 -6.27706 9.17266 -1.46452
134.962 -6.22347 9.09663 -1.47065
135.007 -6.20668 9.07202 -1.47286
135.209 -6.13458 8.96607 -1.46873
135.262 -6.11839 8.94727 -1.46387
135.361 -6.08974 8.91352 -1.44869
135.407 -6.07721 8.8983 -1.43948
135.463 -6.05861 8.85145 -1.41888
135.56 -6.03993 8.83574 -1.39543
135.708 -6.01324 8.7905 -1.35757
135.759 -6.00592 8.77735 -1.34847
135.808 -5.99892 8.76474 -1.34117
135.859 -5.99018 8.74115 -1.33294
135.958 -5.97716 8.72052 -1.32831
136.059 -5.96445 8.70119 -1.33071
136.111 -5.95752 8.69322 -1.33383
136.161 -5.9495 8.68252 -1.33603
136.212 -5.93906 8.66353 -1.33541
136.262 -5.92952 8.65551 -1.33625
136.31 -5.91904 8.64701 -1.33543
136.36 -5.90708 8.6381 -1.33306
136.409 -5.89441 8.6296 -1.32951
136.46 -5.88016 8.62072 -1.32426
136.509 -5.86541 8.61219 -1.31786
136.56 -5.84754 8.59267 -1.30726
136.61 -5.8309 8.58275 -1.29907
136.761 -5.77651 8.55271 -1.28142
136.81 -5.75764 8.54354 -1.27921
137.01 -5.67806 8.49355 -1.28211
137.107 -5.63879 8.4732 -1.29239
137.161 -5.61676 8.4635 -1.30057
137.208 -5.59716 8.45274 -1.30733
137.307 -5.55455 8.42322 -1.31645
137.359 -5.53289 8.41438 -1.32004
137.409 -5.51176 8.4049 -1.3216
137.507 -5.46936 8.38601 -1.31993
137.558 -5.44753 8.37647 -1.31734
137.61 -5.42435 8.35451 -1.31094
137.708 -5.38202 8.3334 -1.30393
137.808 -5.34017 8.30903 -1.29636
137.861 -5.31809 8.29707 -1.29371
137.959 -5.27585 8.25711 -1.28894
138.058 -5.23565 8.22746 -1.29458
138.108 -5.21589 8.20989 -1.29947
138.158 -5.19609 8.19086 -1.30566
138.407 -5.10083 8.0679 -1.31614
138.557 -5.04698 7.99304 -1.3105
138.708 -4.99442 7.88656 -1.30828
138.759 -4.97769 7.85948 -1.31401
139.007 -4.89702 7.698 -1.35276
139.207 -4.83733 7.59336 -1.4065
139.307 -4.80868 7.52627 -1.4266
139.462 -4.76613 7.45602 -1.45175
139.559 -4.73852 7.41169 -1.45784
139.609 -4.72406 7.38976 -1.45994
139.661 -4.7089 7.34845 -1.45672
139.759 -4.67848 7.3065 -1.4668
139.862 -4.64449 7.26209 -1.48291
139.91 -4.62747 7.2404 -1.4921
139.961 -4.60961 7.20418 -1.497
140.007 -4.59279 7.18384 -1.50483
140.11 -4.55335 7.14344 -1.51823
140.16 -4.53351 7.12528 -1.52179
140.211 -4.5136 7.10587 -1.52271
140.261 -4.49354 7.08783 -1.52251
140.311 -4.47441 7.05503 -1.51595
140.361 -4.45475 7.038 -1.51548
140.461 -4.41576 7.00353 -1.51791
140.559 -4.37862 6.97102 -1.52591
140.608 -4.36036 6.95462 -1.53142
140.659 -4.34138 6.93952 -1.53874
140.759 -4.30608 6.90124 -1.55183
140.808 -4.28878 6.88836 -1.56134
140.909 -4.25438 6.8615 -1.577
140.959 -4.23771 6.84907 -1.58212
141.01 -4.22109 6.83722 -1.58558
141.059 -4.20571 6.81971 -1.58441
141.16 -4.17414 6.80059 -1.58228
141.21 -4.15926 6.79119 -1.57953
141.26 -4.14453 6.78245 -1.57777
141.308 -4.13078 6.77342 -1.57691
141.36 -4.11651 6.76088 -1.5764
141.459 -4.08847 6.74662 -1.58335
141.56 -4.06062 6.7338 -1.59436
141.608 -4.04716 6.72776 -1.59894
141.66 -4.03187 6.72273 -1.60291
141.959 -3.94162 6.69837 -1.59213
142.058 -3.90949 6.6923 -1.59058
142.108 -3.89328 6.68972 -1.59243
142.208 -3.86 6.68484 -1.59997
142.308 -3.82584 6.67812 -1.61093
142.56 -3.74018 6.6607 -1.62641
142.66 -3.70515 6.65125 -1.62021
142.759 -3.67028 6.64168 -1.61636
142.807 -3.65406 6.63498 -1.61547
142.862 -3.63528 6.62887 -1.61684
143.06 -3.56666 6.60381 -1.63099
143.159 -3.53338 6.58895 -1.64049
143.409 -3.44881 6.55017 -1.63573
143.507 -3.41541 6.53464 -1.62364
143.71 -3.35057 6.49371 -1.60855
143.861 -3.30195 6.46511 -1.61084
143.907 -3.28762 6.45073 -1.60986
144.061 -3.2328 6.41726 -1.60354
144.107 -3.21651 6.40615 -1.59809
144.31 -3.1413 6.35269 -1.57629
144.361 -3.12274 6.33972 -1.57476
144.41 -3.10433 6.32817 -1.57514
144.46 -3.08628 6.31611 -1.57673
144.708 -3.00492 6.25649 -1.60051
144.762 -2.98895 6.24455 -1.60752
144.811 -2.97462 6.23502 -1.61307
144.862 -2.96067 6.22423 -1.61644
144.908 -2.94846 6.21403 -1.61741
144.958 -2.93529 6.20312 -1.61636
145.008 -2.92235 6.19418 -1.6137
145.061 -2.9113 6.17786 -1.60564
145.109 -2.89911 6.16851 -1.5992
145.208 -2.8753 6.14758 -1.57851
145.26 -2.86344 6.1367 -1.56502
145.307 -2.85253 6.1266 -1.55059
145.359 -2.84037 6.11691 -1.53383
145.459 -2.82159 6.08855 -1.49093
145.509 -2.81073 6.07988 -1.46985
145.56 -2.79994 6.07054 -1.4474
145.608 -2.79032 6.06087 -1.42664
145.659 -2.77943 6.05269 -1.40632
145.708 -2.76934 6.04493 -1.3884
145.86 -2.74195 6.01616 -1.33836
146.208 -2.6835 5.96881 -1.2824
146.261 -2.67579 5.96238 -1.27985
146.311 -2.66856 5.95677 -1.27877
146.409 -2.65491 5.94559 -1.28027
146.46 -2.64822 5.94004 -1.28247
146.508 -2.64252 5.93451 -1.28583
146.557 -2.63612 5.92923 -1.29055
146.607 -2.63022 5.92382 -1.29616
146.711 -2.61852 5.91248 -1.30572
146.76 -2.61243 5.90814 -1.30839
146.81 -2.60671 5.90267 -1.30845
146.86 -2.60069 5.89784 -1.30658
146.959 -2.5882 5.88799 -1.29688
147.01 -2.58007 5.8853 -1.28999
147.062 -2.57163 5.88203 -1.28111
147.111 -2.56348 5.87918 -1.27151
147.162 -2.55433 5.8766 -1.25984
147.307 -2.52598 5.8685 -1.21468
147.407 -2.50222 5.86684 -1.17642
147.458 -2.48979 5.86524 -1.15645
147.708 -2.42819 5.85006 -1.07796
147.862 -2.39054 5.8343 -1.04408
148.009 -2.35615 5.80988 -1.00722
148.061 -2.34373 5.80164 -0.991971
148.208 -2.30846 5.77311 -0.937555
148.261 -2.29658 5.76077 -0.915899
148.309 -2.28517 5.74909 -0.896363
148.361 -2.27756 5.72935 -0.874573
148.511 -2.24421 5.68832 -0.828392
148.562 -2.23319 5.67273 -0.815872
148.662 -2.21138 5.64095 -0.796048
148.708 -2.2075 5.61661 -0.785968
148.759 -2.19673 5.59888 -0.779472
148.808 -2.18542 5.58261 -0.774755
148.962 -2.1491 5.53045 -0.768079
149.01 -2.13712 5.51434 -0.768056
149.061 -2.12428 5.49645 -0.767419
149.111 -2.11702 5.47546 -0.764815
149.21 -2.08843 5.44075 -0.755791
149.358 -2.04509 5.38914 -0.734659
149.407 -2.02991 5.37146 -0.729139
149.458 -2.01784 5.34827 -0.723403
149.511 -2.00148 5.32971 -0.720834
149.561 -1.98539 5.31077 -0.719548
149.661 -1.953 5.27245 -0.720336
149.709 -1.93817 5.25179 -0.721787
149.759 -1.92366 5.22849 -0.723351
149.809 -1.90638 5.20769 -0.726001
149.909 -1.87179 5.16446 -0.726107
149.959 -1.85403 5.14182 -0.722992
150.009 -1.83618 5.11945 -0.718124
150.064 -1.81599 5.09538 -0.711388
150.108 -1.80379 5.07073 -0.702295
150.259 -1.74695 5.00239 -0.681743
150.307 -1.72911 4.97968 -0.677474
150.358 -1.7106 4.95563 -0.674433
150.409 -1.69246 4.93263 -0.672781
150.508 -1.65752 4.88602 -0.672669
150.61 -1.62507 4.83809 -0.676227
150.76 -1.576 4.77087 -0.688763
150.862 -1.54588 4.72708 -0.697131
150.959 -1.52373 4.6836 -0.697292
151.311 -1.46222 4.55331 -0.64316
151.407 -1.45498 4.52372 -0.62562
151.462 -1.44978 4.51028 -0.618513
151.511 -1.4464 4.49836 -0.613128
151.56 -1.44287 4.48732 -0.609126
151.712 -1.43501 4.45688 -0.60259
151.862 -1.42313 4.43554 -0.605848
152.007 -1.40889 4.42119 -0.617075
152.062 -1.40336 4.41658 -0.623368
152.307 -1.37183 4.40305 -0.667624
152.358 -1.36512 4.40121 -0.67934
152.608 -1.33169 4.39249 -0.747038
152.759 -1.30117 4.39261 -0.778615
152.81 -1.292 4.38981 -0.784248
152.91 -1.27255 4.38161 -0.790227
152.96 -1.26215 4.37594 -0.790744
153.161 -1.20065 4.35136 -0.78224
153.21 -1.19333 4.33565 -0.774623
153.311 -1.16843 4.30822 -0.764909
153.461 -1.11807 4.2561 -0.75756
153.51 -1.10071 4.2389 -0.754567
153.56 -1.08086 4.222 -0.750413
153.61 -1.062 4.20202 -0.743396
153.709 -1.02455 4.16197 -0.724315
153.761 -1.00556 4.13972 -0.71132
153.86 -0.967224 4.09654 -0.682735
154.008 -0.909723 4.03174 -0.643418
154.06 -0.889527 4.0079 -0.6322
154.108 -0.872907 3.9866 -0.623633
154.208 -0.836615 3.94149 -0.611077
154.259 -0.819527 3.91833 -0.606607
154.359 -0.782325 3.87361 -0.602717
154.458 -0.749045 3.82704 -0.601197
154.561 -0.716535 3.77875 -0.598346
154.61 -0.700861 3.7553 -0.594424
154.712 -0.665249 3.70789 -0.581554
154.758 -0.650162 3.68465 -0.572483
154.81 -0.633919 3.65965 -0.561008
154.911 -0.600718 3.61116 -0.538624
154.96 -0.584919 3.58717 -0.52893
155.009 -0.566437 3.56543 -0.521892
155.208 -0.507219 3.47328 -0.506648
155.307 -0.480668 3.42913 -0.507581
155.359 -0.46827 3.40643 -0.509625
155.458 -0.438553 3.36506 -0.517258
155.509 -0.428375 3.34364 -0.520439
155.558 -0.418312 3.32292 -0.522447
155.61 -0.407959 3.30222 -0.522505
155.709 -0.389244 3.26341 -0.516204
155.759 -0.378805 3.24531 -0.51025
155.808 -0.371201 3.2277 -0.501231
155.911 -0.355157 3.19278 -0.477138
155.962 -0.348062 3.1761 -0.462322
156.01 -0.342602 3.16061 -0.447953
156.062 -0.336306 3.14537 -0.433802
156.307 -0.311741 3.07754 -0.385689
156.359 -0.307596 3.06362 -0.378612
156.408 -0.302505 3.05017 -0.371078
156.759 -0.281307 2.97056 -0.290362
156.96 -0.268327 2.92109 -0.260154
157.308 -0.244349 2.81421 -0.2532
157.408 -0.235055 2.77765 -0.258046
157.459 -0.231453 2.75809 -0.261544
157.561 -0.221719 2.71871 -0.270801
157.609 -0.217592 2.69879 -0.276277
157.709 -0.208811 2.65951 -0.287918
157.809 -0.198764 2.62038 -0.295425
157.858 -0.1926 2.60137 -0.296982
158.009 -0.180709 2.54478 -0.287629
158.108 -0.173125 2.51003 -0.273441
158.21 -0.164485 2.47852 -0.253666
158.26 -0.16163 2.46413 -0.241157
158.312 -0.158764 2.45081 -0.22693
158.36 -0.156944 2.43882 -0.210977
158.408 -0.158294 2.42803 -0.194051
158.459 -0.156486 2.41756 -0.175333
158.508 -0.155073 2.40828 -0.157757
158.658 -0.153669 2.38488 -0.111658
158.707 -0.153583 2.37861 -0.0998961
158.759 -0.153723 2.37282 -0.0893275
158.809 -0.15613 2.36741 -0.0802789
158.859 -0.156782 2.36261 -0.0728799
158.96 -0.158961 2.35552 -0.0631573
159.008 -0.160411 2.35283 -0.060698
159.062 -0.162077 2.35049 -0.0598994
159.21 -0.171658 2.34893 -0.0661095
159.26 -0.171479 2.35051 -0.0722096
159.362 -0.174916 2.3567 -0.0877735
159.411 -0.176488 2.36128 -0.0969736
159.462 -0.177406 2.36688 -0.108014
159.507 -0.177336 2.37244 -0.119042
159.559 -0.177878 2.38146 -0.131333
159.609 -0.178251 2.38603 -0.146402
159.709 -0.176808 2.40167 -0.175516
159.858 -0.169278 2.4295 -0.213579
159.907 -0.16861 2.4389 -0.221622
160.007 -0.165603 2.45832 -0.231848
160.161 -0.158598 2.48747 -0.239218
160.21 -0.15645 2.49662 -0.243288
160.259 -0.150658 2.50663 -0.249394
160.707 -0.120508 2.59073 -0.35162
160.808 -0.115539 2.60749 -0.384462
160.961 -0.100417 2.63129 -0.438357
161.008 -0.0978674 2.63751 -0.452116
161.062 -0.0945936 2.64511 -0.465987
161.108 -0.0906791 2.65196 -0.476982
161.36 -0.0629239 2.684 -0.542651
161.662 -0.0383566 2.70431 -0.670638
161.711 -0.024283 2.70762 -0.697197
162.01 0.00143289 2.71348 -0.817512
162.061 0.0134014 2.71707 -0.833488
162.11 0.0171129 2.71963 -0.845516
162.21 0.0238506 2.72608 -0.866981
162.259 0.0273339 2.72969 -0.878857
162.358 0.0326394 2.73745 -0.907998
162.459 0.0400415 2.74706 -0.942872
162.559 0.0395342 2.75686 -0.971247
162.61 0.0383896 2.76209 -0.982592
162.71 0.0353856 2.77286 -1
162.81 0.0308615 2.78474 -1.01077
162.861 0.0274883 2.79129 -1.01405
162.96 0.0205091 2.80478 -1.01743
163.007 0.0176403 2.81111 -1.01905
163.06 0.0141377 2.81803 -1.02233
163.107 0.0113379 2.82422 -1.02728
163.209 0.00454539 2.83703 -1.04413
163.26 0.00281076 2.84354 -1.05562
163.307 -1.21224e-05 2.84905 -1.06777
163.359 -0.00268391 2.85478 -1.08256
163.508 -0.00734451 2.87451 -1.13375
163.559 -0.0102519 2.8821 -1.15057
163.608 -0.0138253 2.89012 -1.16564
163.661 -0.0184262 2.89976 -1.17928
163.758 -0.0275324 2.92282 -1.19996
163.809 -0.0337271 2.9367 -1.20849
163.96 -0.0582354 2.98565 -1.23539
164.011 -0.0680075 3.00406 -1.24689
164.06 -0.0787744 3.02358 -1.26004
164.111 -0.0900333 3.0428 -1.27437
164.208 -0.111596 3.08261 -1.30715
164.259 -0.123447 3.10351 -1.32646
164.359 -0.148104 3.14295 -1.36771
164.409 -0.160671 3.16302 -1.39073
164.558 -0.195808 3.21974 -1.46637
164.662 -0.221136 3.25609 -1.5239
164.707 -0.231308 3.2719 -1.55163
164.763 -0.244507 3.28953 -1.58432
164.812 -0.248935 3.30779 -1.61923
164.861 -0.258705 3.32461 -1.65364
164.962 -0.277128 3.35568 -1.72481
165.008 -0.283711 3.37011 -1.75955
165.062 -0.292762 3.38566 -1.80028
165.108 -0.2981 3.39897 -1.83676
165.159 -0.303637 3.41342 -1.87456
165.208 -0.307509 3.42727 -1.91125
165.262 -0.298484 3.4469 -1.955
165.311 -0.301948 3.46 -1.98595
165.362 -0.304123 3.47368 -2.01597
165.51 -0.307914 3.51335 -2.09152
165.758 -0.30823 3.58665 -2.19088
166.008 -0.314146 3.65493 -2.23945
166.059 -0.314963 3.66356 -2.24311
166.109 -0.316758 3.67384 -2.24516
166.159 -0.318797 3.68425 -2.24541
166.308 -0.321984 3.70997 -2.23666
166.358 -0.326784 3.71514 -2.22852
166.408 -0.329279 3.72039 -2.22059
166.458 -0.332886 3.72447 -2.21117
166.608 -0.342966 3.73029 -2.17565
166.658 -0.346753 3.72895 -2.16195
166.708 -0.350603 3.72593 -2.14958
166.759 -0.363691 3.71791 -2.13343
166.808 -0.368667 3.71248 -2.12476
166.911 -0.379832 3.69865 -2.11172
167.06 -0.399591 3.67387 -2.10459
167.108 -0.412681 3.6634 -2.10088
167.208 -0.42738 3.64785 -2.10363
167.259 -0.43468 3.64165 -2.10587
167.309 -0.443033 3.63627 -2.10718
167.359 -0.451424 3.6325 -2.1074
167.412 -0.460287 3.62986 -2.10548
167.46 -0.468569 3.62828 -2.10181
167.507 -0.47714 3.6274 -2.09602
167.562 -0.494157 3.62456 -2.08288
167.609 -0.500941 3.62606 -2.0744
167.861 -0.550078 3.63249 -2.01194
167.959 -0.582698 3.62955 -1.98732
168.007 -0.59412 3.63003 -1.97895
168.06 -0.605973 3.63077 -1.96897
168.107 -0.618936 3.63039 -1.95745
168.159 -0.631383 3.63084 -1.94438
168.208 -0.644769 3.63089 -1.9289
168.258 -0.672146 3.6249 -1.90367
168.307 -0.684357 3.62572 -1.88542
168.407 -0.709071 3.62801 -1.8487
168.46 -0.721471 3.62987 -1.83194
168.509 -0.732996 3.63223 -1.81757
168.711 -0.787466 3.63957 -1.76987
168.758 -0.79752 3.64335 -1.76261
168.81 -0.807549 3.64754 -1.75493
168.962 -0.845323 3.65713 -1.71897
169.007 -0.854115 3.66135 -1.70655
169.159 -0.881332 3.67593 -1.66419
169.259 -0.905075 3.68265 -1.63801
169.359 -0.9196 3.69362 -1.6205
169.409 -0.925097 3.70008 -1.61326
169.508 -0.934996 3.71293 -1.59895
169.958 -0.945664 3.77621 -1.48767
170.059 -0.944067 3.78845 -1.45926
170.409 -0.94141 3.80407 -1.40915
170.56 -0.937311 3.79588 -1.39917
170.608 -0.937303 3.79016 -1.39249
170.708 -0.932107 3.7776 -1.3744
170.908 -0.916372 3.74497 -1.31264
170.958 -0.918084 3.73272 -1.28973
171.008 -0.913409 3.72333 -1.26787
171.158 -0.900212 3.69286 -1.19082
171.207 -0.895266 3.68266 -1.16201
171.309 -0.895979 3.65568 -1.09578
171.46 -0.88584 3.6206 -1.00771
171.511 -0.882627 3.60898 -0.981751
171.607 -0.87982 3.5867 -0.93411
171.66 -0.888198 3.57077 -0.905918
171.708 -0.888662 3.56013 -0.88415
171.762 -0.886485 3.55003 -0.860214
171.91 -0.88777 3.52044 -0.794959
171.961 -0.894559 3.50827 -0.77181
172.009 -0.893275 3.50101 -0.751966
172.06 -0.89241 3.49442 -0.732189
172.108 -0.891475 3.48904 -0.713911
172.158 -0.889872 3.48458 -0.695556
172.21 -0.888616 3.48087 -0.676982
172.259 -0.887838 3.4778 -0.65884
172.309 -0.886615 3.47585 -0.64112
172.363 -0.889277 3.47329 -0.621851
172.562 -0.885101 3.47902 -0.557567
172.609 -0.88497 3.48175 -0.543393
172.66 -0.88467 3.48507 -0.527256
172.761 -0.886208 3.49093 -0.490436
172.807 -0.886547 3.49397 -0.471813
172.907 -0.885297 3.50068 -0.428347
172.959 -0.884341 3.50406 -0.40677
173.011 -0.88378 3.50741 -0.386564
173.309 -0.879183 3.52048 -0.305987
173.361 -0.878263 3.5216 -0.298374
173.41 -0.877571 3.52228 -0.292977
173.461 -0.877788 3.52201 -0.288755
173.511 -0.877612 3.52241 -0.286811
173.659 -0.87955 3.51553 -0.289705
173.708 -0.881693 3.51144 -0.293049
173.759 -0.883729 3.5066 -0.297557
173.809 -0.885464 3.5015 -0.301007
173.86 -0.891319 3.49395 -0.302539
173.959 -0.897064 3.47936 -0.301943
174.059 -0.901545 3.4591 -0.295498
174.161 -0.907493 3.44177 -0.28989
174.209 -0.915911 3.42856 -0.288095
174.261 -0.91794 3.41725 -0.288956
174.36 -0.920598 3.39506 -0.293616
174.507 -0.923079 3.35742 -0.294977
174.757 -0.91881 3.27778 -0.262983
174.858 -0.911866 3.24026 -0.241835
174.908 -0.908466 3.22048 -0.232853
174.957 -0.903928 3.19946 -0.225452
175.007 -0.900405 3.17725 -0.219469
175.058 -0.894141 3.15521 -0.215189
175.208 -0.87349 3.08404 -0.209173
175.261 -0.865846 3.05695 -0.209377
175.308 -0.858325 3.03244 -0.210679
175.459 -0.830731 2.95005 -0.219251
175.509 -0.821771 2.92144 -0.220759
175.558 -0.811779 2.89304 -0.220633
175.609 -0.801282 2.86304 -0.218599
175.66 -0.790673 2.83269 -0.214818
175.861 -0.750025 2.70939 -0.183631
175.911 -0.740829 2.67783 -0.1753
175.959 -0.731198 2.64665 -0.168559
176.009 -0.72192 2.61482 -0.163287
176.06 -0.714101 2.5839 -0.157878
176.109 -0.707113 2.55212 -0.157642
176.16 -0.699705 2.51701 -0.156698
176.21 -0.693178 2.48457 -0.15664
176.26 -0.686911 2.45108 -0.157693
176.311 -0.679948 2.41751 -0.159129
176.364 -0.671928 2.38228 -0.159921
176.458 -0.660069 2.31863 -0.156884
176.558 -0.647777 2.24982 -0.147374
176.608 -0.641326 2.21562 -0.140648
176.71 -0.624015 2.14426 -0.127077
176.807 -0.609196 2.07806 -0.120067
176.911 -0.593815 2.00709 -0.117683
176.961 -0.586269 1.96986 -0.118473
177.009 -0.578247 1.9361 -0.119994
177.061 -0.560455 1.90005 -0.122217
177.112 -0.551715 1.8643 -0.121783
177.21 -0.533556 1.79241 -0.116312
177.261 -0.522058 1.75621 -0.110681
177.559 -0.437862 1.53977 -0.071966
177.659 -0.411291 1.46701 -0.0683441
177.708 -0.39909 1.43135 -0.0684098
177.759 -0.368566 1.39309 -0.0717147
177.859 -0.339264 1.31906 -0.0765543
178.007 -0.298864 1.20824 -0.0744382
178.207 -0.239712 1.0546 -0.0470975
178.259 -0.231791 1.01602 -0.0348953
178.362 -0.218157 0.941211 -0.00630429
178.412 -0.213014 0.90278 0.0085196
178.763 -0.177369 0.642938 0.0668071
178.96 -0.159956 0.511239 0.0625571
179.212 -0.158496 0.368954 0.0455222
179.313 -0.165929 0.32161 0.035353
179.411 -0.173343 0.279679 0.0226587
179.463 -0.176517 0.259547 0.0149498
179.512 -0.179929 0.242108 0.00727524
179.716 -0.183214 0.185339 -0.0327471
179.811 -0.182983 0.165821 -0.0566929
179.862 -0.181984 0.157871 -0.0708128
180.013 -0.171587 0.140511 -0.113165
180.063 -0.167769 0.136639 -0.123411
180.263 -0.142692 0.12247 -0.139281
180.411 -0.128165 0.115273 -0.148021
180.464 -0.123123 0.112898 -0.152262
180.562 -0.114264 0.108184 -0.162016
180.612 -0.103666 0.104141 -0.168305
180.763 -0.0900699 0.0986438 -0.18881
180.81 -0.0853134 0.096736 -0.196323
180.863 -0.0806463 0.0949664 -0.204811
180.965 -0.0674752 0.0901832 -0.221519
181.012 -0.0637363 0.0885334 -0.229
181.063 -0.0592123 0.086137 -0.236524
181.113 -0.0546933 0.083525 -0.243452
181.163 -0.0502558 0.0805531 -0.24997
181.212 -0.0458652 0.0774541 -0.256438
181.263 -0.0353647 0.0708985 -0.263875
181.312 -0.0313316 0.0667882 -0.270147
181.411 -0.0249119 0.0569665 -0.282406
181.464 -0.0225852 0.0513126 -0.288919
181.512 -0.0212154 0.0457715 -0.294834
181.565 -0.016753 0.0374661 -0.301931
181.614 -0.0168739 0.030728 -0.307465
181.713 -0.0182917 0.0163965 -0.316807
181.765 -0.0205918 0.00890084 -0.320351
181.814 -0.0227625 0.00140981 -0.322982
181.864 -0.0259843 -0.00626794 -0.324872
181.962 -0.0341112 -0.02109 -0.3266
182.012 -0.0390271 -0.0283394 -0.326251
182.062 -0.0436009 -0.0348826 -0.325378
182.112 -0.0479171 -0.0409336 -0.324012
182.162 -0.051114 -0.0469726 -0.32239
182.21 -0.0548426 -0.0518725 -0.320031
182.262 -0.0575183 -0.0570091 -0.317235
182.312 -0.0617614 -0.0608152 -0.313877
182.363 -0.0640681 -0.065363 -0.310106
182.463 -0.0674052 -0.0742533 -0.301708
182.514 -0.0686766 -0.0792307 -0.29699
182.563 -0.0708941 -0.0839263 -0.292012
182.613 -0.0722067 -0.0888921 -0.287459
182.714 -0.0790434 -0.099807 -0.281801
182.762 -0.0829534 -0.106546 -0.282313
182.813 -0.0864898 -0.114033 -0.285474
182.864 -0.0910517 -0.120543 -0.290743
182.963 -0.096924 -0.133321 -0.308795
183.012 -0.105529 -0.136628 -0.319988
183.062 -0.11076 -0.141438 -0.333292
183.11 -0.11736 -0.146061 -0.348426
183.16 -0.123932 -0.149668 -0.365563
183.21 -0.129222 -0.150609 -0.38136
183.261 -0.118747 -0.148143 -0.383968
183.311 -0.10991 -0.148292 -0.383298
183.362 -0.101427 -0.148459 -0.384632
183.46 -0.0942156 -0.131267 -0.390679
183.512 -0.0868329 -0.132871 -0.388513
183.562 -0.0850422 -0.130761 -0.389543
183.61 -0.0879038 -0.129404 -0.390327
183.664 -0.0926166 -0.127324 -0.390865
183.714 -0.0917268 -0.127803 -0.390913
183.763 -0.0907792 -0.128117 -0.391019
183.812 -0.0917012 -0.127694 -0.391024
183.864 -0.0916932 -0.12766 -0.391059
183.963 -0.0916978 -0.127666 -0.391071
184.013 -0.0916526 -0.127582 -0.39101
184.063 -0.0916679 -0.127609 -0.391035
184.114 -0.0916813 -0.12763 -0.391062
184.165 -0.0916791 -0.127633 -0.391042
184.211 -0.0916612 -0.127585 -0.391054
184.312 -0.0916581 -0.127585 -0.391036
184.365 -0.0916503 -0.127554 -0.391064
184.41 -0.0916809 -0.127627 -0.391067
184.463 -0.0916493 -0.127552 -0.391064
184.513 -0.0916667 -0.127593 -0.391067
184.564 -0.091663 -0.127593 -0.391044
184.663 -0.0916839 -0.127631 -0.391074
184.712 -0.0916514 -0.127568 -0.391038
184.764 -0.0916734 -0.127611 -0.391062
184.813 -0.0916658 -0.127582 -0.391088
184.862 -0.0916702 -0.127593 -0.391087
184.912 -0.0916675 -0.127588 -0.391084
184.964 -0.0916662 -0.127593 -0.391064
185.064 -0.0916688 -0.12759 -0.391085
185.114 -0.0916626 -0.127584 -0.391063
185.164 -0.0916618 -0.127582 -0.391063
185.214 -0.0916623 -0.127584 -0.391063
185.263 -0.0916694 -0.127595 -0.391078
185.315 -0.0916683 -0.127598 -0.391064
185.361 -0.0916556 -0.127567 -0.391063
185.461 -0.0916671 -0.127593 -0.391067
185.512 -0.0916642 -0.12759 -0.391058
185.562 -0.0916508 -0.127566 -0.391038
185.612 -0.0916613 -0.127573 -0.391083
185.712 -0.0916529 -0.127568 -0.391047
185.762 -0.0916684 -0.127592 -0.391078
185.813 -0.0916581 -0.12757 -0.391071
185.864 -0.0916658 -0.127585 -0.39108
185.914 -0.0916646 -0.127583 -0.391078
185.965 -0.0916544 -0.127568 -0.391055
186.011 -0.0916646 -0.127589 -0.391064
186.065 -0.0916638 -0.12758 -0.39108
186.114 -0.0916473 -0.127559 -0.391034
186.165 -0.0916673 -0.127606 -0.39104
186.214 -0.0916468 -0.127557 -0.391038
186.264 -0.0916542 -0.127571 -0.391047
186.315 -0.0916549 -0.127576 -0.391039
186.364 -0.091655 -0.127577 -0.391037
186.461 -0.0916583 -0.127565 -0.391086
186.561 -0.0916511 -0.127569 -0.391034
186.61 -0.0916656 -0.127591 -0.391065
186.66 -0.0916665 -0.127593 -0.391064
186.712 -0.0916632 -0.127586 -0.391062
186.76 -0.0916687 -0.127604 -0.391051
186.862 -0.0916635 -0.127592 -0.391051
186.912 -0.0916667 -0.127598 -0.391055
